TIME1,V10,V8,V1,V2,V3,V4,V5,V6,V7,V9,V14,V11,V12,V13,label
0.0,0.4620279302967126,0.4996261097375551,0.4999883530570113,0.4980857527129441,0.4907490763879292,0.4907490763879292,0.4872737121609353,0.487273318731303,0.4870170943399918,0.4642441975166635,0.4655174491598202,0.0,0.0,0.4838604300545285,3
1.5625e-07,0.4560001249411986,0.4993159878839524,0.5003659593165772,0.4982337842075037,0.4907749550397124,0.4907749550397124,0.487038807493262,0.4870384045458243,0.4867829780760028,0.4489008306754974,0.4503398027451267,0.0,0.0,0.4798532089545914,3
1.743027003006926e-07,0.45521266163093,0.4992763735907097,0.5004095868512881,0.4982426906782597,0.4907765120560486,0.4907765120560486,0.4870088014396788,0.4870083972764638,0.486753072730862,0.4468957871814638,0.4483564152974072,0.0,0.0,0.4793295527114927,3
2.1040810090207773e-07,0.4534313992928394,0.4991935297367559,0.5004968418534297,0.4982526748193279,0.4907782574691502,0.4907782574691502,0.4869460521592409,0.486945645453567,0.4866905340540037,0.4423545900085529,0.4438642666247363,0.0,0.0,0.4781435317906055,3
2.82618902104848e-07,0.448233503785113,0.4990198596321746,0.5006713515257242,0.4982553883525757,0.4907787318451081,0.4907787318451081,0.4868145210288686,0.4868141089938511,0.4865594443777277,0.4289796730822441,0.4306338093180148,0.0,0.0,0.4746504290451148,3
4.270405045103885e-07,0.4228747017432537,0.4986703958778043,0.5010203690394239,0.4982566179244423,0.4907789467970835,0.4907789467970835,0.4865499928496496,0.4865495700965492,0.4862958040267208,0.3617695754475569,0.3641496335855144,0.0,0.0,0.4570973931792307,3
6.936434767157474e-07,0.2656147031583912,0.4980246734818178,0.5016646472665853,0.4982594770707442,0.4907794466289049,0.4907794466289049,0.4860618870570755,0.4860614445270334,0.4858093364493809,0.0460486579326285,0.0518387502331354,0.0,0.0,0.374641816048642,3
8.283319918598929e-07,0.1653723715953944,0.4976991177565263,0.5019901316028659,0.498260909152036,0.4907796969832851,0.4907796969832851,0.4858152960037692,0.4858148434824158,0.485563573022434,0.0287690011256557,0.0347457273067832,0.0,0.0,0.3701288995319217,3
9.55819229816033e-07,0.1059678640758875,0.4973909669895051,0.5022982082752843,0.4982621760318237,0.4907799184573774,0.4907799184573774,0.4855818625447892,0.4855814005652405,0.4853309230293635,0.0196958758572712,0.025770598925554,0.0,0.0,0.3677592503610125,3
1.0863107895e-06,0.0661442036291802,0.4970756204371037,0.5026135388340045,0.4982635784937845,0.490780163633749,0.490780163633749,0.4853429700141567,0.4853424983552236,0.4850928322867635,0.0126887855210842,0.018839190674718,0.0,0.0,0.3659291770692059,3
1.2232284892e-06,0.0404780341043667,0.4967447478888323,0.5029443904426638,0.4982650084510727,0.4907804136168139,0.4907804136168139,0.4850923046460256,0.4850918228306991,0.4848430082194958,0.0084594720284283,0.0146555570933192,0.0,0.0,0.3648245605327596,3
1.3348668396e-06,0.027464684988145,0.4964749763984143,0.5032141499206619,0.4982661713859175,0.4907806169194016,0.4907806169194016,0.48488792414209,0.4848874340457281,0.484639313671884,0.0063184191040427,0.0125376292240407,0.0,0.0,0.3642653379155233,3
1.4689610789e-06,0.0177983996376724,0.4961509557506549,0.5035381626785433,0.4982675715890736,0.4907808617008922,0.4907808617008922,0.4846424406841707,0.4846419406413749,0.4843946541229341,0.0047278269606278,0.0109642167264674,0.0,0.0,0.3638498660326698,3
1.6346092747e-06,0.0107015844206223,0.4957507063877023,0.5039384054447864,0.4982692986505461,0.490781163623281,0.490781163623281,0.4843392022542572,0.4843386899249268,0.484092433443318,0.0035621524066641,0.0098111323742639,0.0,0.0,0.3635453529841639,3
1.7858287577e-06,0.0070572513320989,0.4953853384041977,0.5043037703418085,0.4982708755939868,0.4907814393022526,0.4907814393022526,0.4840623891393608,0.4840618655941895,0.4838165493882048,0.002964240910435,0.0092196787923358,0.0,0.0,0.3633891270063263,3
2.0683989597e-06,0.0037016564538839,0.4947026539481412,0.5049864519648466,0.498273819449242,0.4907819539427707,0.4907819539427707,0.4835451660774962,0.4835446215756174,0.4833010622670161,0.0024174805584741,0.0086788238820972,0.0,0.0,0.3632461973745491,3
2.367979078e-06,0.0025211102576988,0.4939789459109333,0.5057101600523615,0.4982769382683267,0.4907824991702124,0.4907824991702124,0.4829968608887783,0.4829962941708146,0.4827545973390097,0.0022286626166969,0.00849204532256,0.0,0.0,0.36319674190517,3
2.8549314057e-06,0.0020343927333917,0.4928027761749884,0.5068863333448841,0.4982820019753915,0.4907833844001579,0.4907833844001579,0.4821057548867291,0.4821051520631675,0.4818664821300429,0.0021590523997043,0.0084231869506459,0.0,0.0,0.3631783301705898,3
3.4223329725e-06,0.0020045130904926,0.491432624578637,0.5082564929665834,0.4982878925212017,0.4907844141768571,0.4907844141768571,0.4810676813514654,0.4810670364675141,0.4808318926507064,0.0021657080958893,0.0084297707600786,0.0,0.0,0.3631797982177191,3
4.5269154198e-06,0.0020326376801409,0.4887665795523793,0.5109225666904926,0.4982993336802965,0.4907864143037428,0.4907864143037428,0.479047794740658,0.479047068015474,0.4788187853264136,0.0021949090491506,0.0084586563200839,0.0,0.0,0.3631868987626337,3
6.3532521658e-06,0.002082184871279,0.4843633910619212,0.5153258351181333,0.4983181584731468,0.4907897052268029,0.4907897052268029,0.4757117890084695,0.4757109271158854,0.4754939761329574,0.0022445308141068,0.0085077421309606,0.0,0.0,0.3631989899593683,3
1.00059256577e-05,0.0021917619910677,0.4755836983491262,0.524105822328718,0.4983554565847354,0.4907962256287271,0.4907962256287271,0.4690599944107419,0.4690588630024992,0.4688645067594145,0.0023561281596404,0.0086181341374127,0.0,0.0,0.3632264040068769,3
1.73112726416e-05,0.0024725990383446,0.4581956256816847,0.5414949969158545,0.4984283259127418,0.4908089645392594,0.4908089645392594,0.4558861973780808,0.4558845321974058,0.4557349245574727,0.0026407598399403,0.0088996915717577,0.0,0.0,0.3632973111140267,3
3.19219666093e-05,0.004150278998407,0.4246136559683014,0.5750811832487805,0.4985650657105656,0.4908328691929502,0.4908328691929502,0.4304433473691259,0.430440651301767,0.4303774676438701,0.0043602005214679,0.0106005609419175,0.0,0.0,0.363739747593432,3
3.21661072343e-05,0.0042136144024659,0.4240703709124272,0.575624001307558,0.4985660138870935,0.4908330349517995,0.4908330349517995,0.4300317357586994,0.4300290230137699,0.4299672375134855,0.0044592042888035,0.0106984953907186,0.0,0.0,0.3637654968388829,3
3.26543884843e-05,0.0044552220005353,0.4229874779027754,0.5767074965880221,0.4985712199408478,0.4908339450665874,0.4908339450665874,0.4292112980022862,0.4292085520150762,0.4291495533683832,0.0047798612859261,0.0110156890401377,0.0,0.0,0.3638490278780505,3
3.27764587968e-05,0.0045366807721229,0.4227168031347887,0.5769779206816754,0.4985716481592019,0.4908340199271007,0.4908340199271007,0.4290062252727575,0.4290034709764647,0.4289451689184749,0.0048667838064922,0.0111016727291339,0.0,0.0,0.3638716756755272,3
3.30205994218e-05,0.0047423138542595,0.422176770124966,0.5775182247414052,0.4985741726521167,0.4908344612553009,0.4908344612553009,0.4285970768635196,0.4285943059894595,0.4285373937221086,0.0051524921270623,0.0113842951751875,0.0,0.0,0.3639461863730488,3
3.30816345781e-05,0.0048049033889582,0.4220417230514011,0.57765318693286,0.4985744720550689,0.490834513596492,0.490834513596492,0.4284947603472304,0.4284919853275367,0.4284354206077587,0.0052244244940577,0.0114554506160585,0.0,0.0,0.3639649460033287,3
3.32037048906e-05,0.0049511963514988,0.4217720355192162,0.57792297417174,0.4985756528624194,0.4908347200235253,0.4908347200235253,0.4282904351068283,0.4282876518083384,0.428231781138201,0.0054456012114677,0.0116742384510078,0.0,0.0,0.3640226565763094,3
3.34478455156e-05,0.0054735279990298,0.421233063687574,0.5784619978520205,0.4985776854946024,0.4908350753653438,0.4908350753653438,0.4278820884992307,0.4278792886554607,0.4278248050524116,0.0063491990371724,0.0125680767096901,0.0,0.0,0.3642585389800175,3
3.35088806718e-05,0.0056844974727433,0.4210984817314769,0.5785966385601482,0.4985782894849411,0.4908351809540612,0.4908351809540612,0.4277801229751979,0.4277773190000157,0.4277231817522928,0.0068164110608717,0.0130302424761616,0.0,0.0,0.3643805321594175,3
3.36309509843e-05,0.0066404084805929,0.4208293746041646,0.5788657811675375,0.4985792996158249,0.4908353575436814,0.4908353575436814,0.4275762283179297,0.4275734160813976,0.4275199714207156,0.0096277396171163,0.0158112064734331,0.0,0.0,0.3651147014628665,3
3.37944570696e-05,0.0124670801672629,0.4204693280479455,0.5792259911246678,0.4985807636428752,0.4908356134827729,0.4908356134827729,0.4273033833400546,0.4273005600484617,0.4272480421844812,0.0270187995512307,0.0330144292855567,0.0,0.0,0.3696565774468033,3
3.3951888989e-05,0.0360075387417807,0.4201231731662396,0.5795725033794834,0.4985820968118317,0.4908358465454418,0.4908358465454418,0.4270408880620351,0.4270380541347277,0.4269864279117066,0.0939708604178298,0.0992433552499604,0.0,0.0,0.3871420858046715,3
3.41379116784e-05,0.1757000401275648,0.4197160346180995,0.5799815431805098,0.4985837661773158,0.4908361383815013,0.4908361383815013,0.4267310600425203,0.426728213561683,0.4266776397589365,0.4805931199789863,0.481689790404287,0.0,0.0,0.4881144484073732,3
3.43341372076e-05,0.4764176367470031,0.4192871070700489,0.5804125439168146,0.4985854243384469,0.4908364282588321,0.4908364282588321,0.4264045631769793,0.4264017034672281,0.4263522387053018,0.9127153404620156,0.9091447511256182,0.0,0.0,0.6009698323075696,3
3.45381686642e-05,0.7477189291963092,0.4188397640274399,0.5808601714161628,0.4985871771800028,0.4908367346880578,0.4908367346880578,0.4260654825755822,0.4260626091270527,0.4260142961502367,0.9575133213786609,0.9534588786234228,0.0,0.0,0.6126694366417418,3
3.4739753749e-05,0.8754758899721918,0.4183981985691267,0.581301909689145,0.4985889061115576,0.4908370369373717,0.4908370369373717,0.4257308636362141,0.4257279766296827,0.4256808002826545,0.9784324152811744,0.9741520298629714,0.0,0.0,0.6181326977359951,3
3.49450337464e-05,0.9375967393115104,0.4179490333752262,0.5817512084674485,0.4985906812357648,0.4908373472620182,0.4908373472620182,0.4253905242331635,0.42538762343685,0.4253416031508151,0.9887788064435968,0.9843866718654056,0.0,0.0,0.6208347308444602,3
3.53555937412e-05,0.9840806906451192,0.4170522620518254,0.5826481707751268,0.498594186109961,0.4908379599790561,0.4908379599790561,0.4247110730889986,0.4247081447628629,0.4246644324287068,0.9963213379944548,0.9918477381447732,0.0,0.0,0.6228044039462461,3
3.59200885125e-05,0.9932303009825264,0.4158228311048873,0.5838778416882899,0.498599015640778,0.4908388042706487,0.4908388042706487,0.4237796085951984,0.4237766425282301,0.4237360941820175,0.9979455253670976,0.9934543830166824,0.0,0.0,0.6232283434096386,3
3.68268615825e-05,0.9933278846571408,0.4138567826750084,0.5858442540822715,0.4986066838626768,0.4908401448181106,0.4908401448181106,0.4222900636624252,0.4222870372424683,0.4222515485654542,0.9978566178988618,0.9933664358190124,0.0,0.0,0.6232047361335038,3
3.82116069126e-05,0.9933160391726183,0.4108760356983942,0.5888255923216279,0.4986182992668437,0.4908421754062679,0.4908421754062679,0.4200317478188468,0.4200286298970443,0.4200008122414696,0.9979757059214164,0.9934842375972835,0.0,0.0,0.6232352500320106,3
4.09810975727e-05,0.9933549535958304,0.4049961827468455,0.5947066758164732,0.4986410132467314,0.4908461462313809,0.4908461462313809,0.4155769712626928,0.4155736728434291,0.4155609871219314,0.9978946936614044,0.99340410033338,0.0,0.0,0.6232129329162757,3
4.6520078893e-05,0.9933844185784988,0.3935878762376801,0.6061177225499219,0.4986844650530111,0.4908537424133111,0.4908537424133111,0.4069336492121033,0.4069300005849972,0.4069466744010265,0.9980401869868464,0.993548022216505,0.0,0.0,0.6232486810696378,3
5.75980415335e-05,0.9934840500956652,0.3723669085422278,0.6273451256521194,0.498762537381213,0.4908673909048126,0.4908673909048126,0.3908559214271149,0.3908516213668765,0.3909229078248379,0.998026137717958,0.9935341246907676,0.0,0.0,0.6232408271395873,3
7.32230415335e-05,0.9935364792714688,0.3467124283939953,0.6530104426325503,0.4988498279103814,0.4908826509088748,0.4908826509088748,0.3714192129893386,0.3714141253976759,0.3715514342446495,0.9981902137915056,0.9936964286137068,0.0,0.0,0.6232786191431694,3
8.88480415335e-05,0.993634124597178,0.3269402090853465,0.6727952065263696,0.4989074383006135,0.4908927222739741,0.4908927222739741,0.3564391063137971,0.3564334117621244,0.3566216048641941,0.9981782780137866,0.9936846217517724,0.0,0.0,0.6232716028754324,3
0.0001044730415335,0.9936296444377072,0.3138103547523724,0.6859390999525614,0.4989337362582149,0.4908973196448877,0.4908973196448877,0.3464914811546247,0.3464853835477003,0.3467073666291849,0.9982806488921784,0.9937858869441828,0.0,0.0,0.6232957494413589,3
0.0001200980415335,0.9936871089361604,0.3078271691163625,0.6919370104579379,0.4989271324463247,0.490896165176044,0.490896165176044,0.341958416118268,0.3419521348418106,0.3421895157867865,0.9982334087771771,0.9937391570595688,0.0,0.0,0.6232822320718268,3
0.0001357230415335,0.9936448960302324,0.3092208486381221,0.6905584417054436,0.4988884564803468,0.4908894038996083,0.4908894038996083,0.3430143149774012,0.3430080764835751,0.3432418707633778,0.998292896843872,0.9937980026083674,0.0,0.0,0.623298043141342,3
0.0001513480415335,0.9936562851259853,0.3179375684754161,0.681856371319127,0.4988186217065107,0.4908771954854471,0.4908771954854471,0.3496183990994701,0.349612428188182,0.3498237897905399,0.9982040988505436,0.9937101637031894,0.0,0.0,0.6232765710826733,3
0.0001669730415335,0.9935838591457988,0.3336426133372652,0.6661652149837571,0.498720881933834,0.4908601087597474,0.4908601087597474,0.3615170758552081,0.3615115870513655,0.3616825313645505,0.9982290034374058,0.9937347993009308,0.0,0.0,0.6232861723166241,3
0.0001825980415335,0.99353663897529,0.3557321831327168,0.6440879750376001,0.4985984259996039,0.4908387011904314,0.4908387011904314,0.3782528867320716,0.3782480760253985,0.3783621723275284,0.998084693550124,0.9935920480739032,0.0,0.0,0.6232528395662296,3
0.0001982230415335,0.9934354924554412,0.3833576490319211,0.6164730674307282,0.4984565242469583,0.4908138941312643,0.4908138941312643,0.3991828805422004,0.3991789178714944,0.3992219194099313,0.9980783101630676,0.9935857336324466,0.0,0.0,0.6232566201467236,3
0.0002138480415335,0.9932998423790392,0.4154571180642862,0.5843817175758546,0.498300068266464,0.4907865427230342,0.4907865427230342,0.4235025322932298,0.4234995549997569,0.4234599478231592,0.9978457728298704,0.9933557078852936,0.0,0.0,0.6232022193581288,3
0.0002294730415335,0.9931658730992312,0.4507972845150069,0.5490471780508659,0.4981356294050894,0.4907577957591141,0.4907577957591141,0.4502774460882214,0.4502755536536414,0.450144997755968,0.9978075348166352,0.993317882872668,0.0,0.0,0.6231992019331059,3
0.0002450980415335,0.9928533773474107,0.488019785391668,0.5118273353938696,0.4979689709064256,0.4907286607614134,0.4907286607614134,0.4784784818834599,0.4784777320910077,0.478251383237352,0.9973918057922448,0.9929066440486316,0.0,0.0,0.6230979680269768,3
0.0002607230415335,0.9926703413702156,0.5256944385284908,0.4741525272850453,0.4978070506642518,0.4907003540988593,0.4907003540988593,0.5070220824365214,0.5070224891661456,0.5066991837364546,0.9973137731227256,0.9928294541933006,0.0,0.0,0.6230850179631777,3
0.0002763480415335,0.9914513381772389,0.5623731655508082,0.4374705754717401,0.4976555406273686,0.490673867333338,0.490673867333338,0.5348111399848243,0.5348126726641503,0.5343949736814765,0.9959515585102912,0.9914819525697988,0.0,0.0,0.6227364873283374,3
0.0002919730415335,0.99105334041038,0.5966466864315744,0.403191146790663,0.497520811085959,0.4906503141097662,0.4906503141097662,0.5607779274712611,0.5607805122660315,0.5602746095964878,0.9957148312225256,0.991247782122881,0.0,0.0,0.6226814209875184,3
0.0002922171821585,0.6966507622285981,0.5971521292656923,0.4026817789093516,0.4975194657512465,0.4906500789202974,0.4906500789202974,0.5611639651738847,0.5611665656100289,0.5606593516520302,0.1191575135070029,0.1241579726813432,0.0,0.0,0.3937548835772953,3
0.0002927054634085,0.058595561980454,0.5981671902043035,0.4016657955920771,0.4975151894057878,0.4906493313357692,0.4906493313357692,0.5619333937799066,0.561936025391556,0.5614261978472649,0.0105091484014703,0.0166830953498586,0.0,0.0,0.3653798658958768,3
0.000292801424641,0.0423279846832174,0.5983665052867195,0.4014665598483699,0.4975147110332494,0.4906492477073739,0.4906492477073739,0.5620844051460121,0.5620870428763002,0.5615767023783272,0.0095265305544052,0.0157110905481805,0.0,0.0,0.3651232791993236,3
0.0002928840069478,0.0321394978830585,0.5985377241540298,0.4012952162609149,0.4975139074816432,0.4906491072316442,0.4906491072316442,0.5622141382947691,0.5622167812815506,0.561706000107501,0.0061573458967901,0.0123782957340792,0.0,0.0,0.3642433977567619,3
0.000292980199789,0.0234280896238962,0.5987371706552219,0.4010957672564891,0.4975132403175295,0.4906489905989788,0.4906489905989788,0.5623652451026143,0.5623678942119017,0.5618565997599748,0.0063424154606115,0.01256136640109,0.0,0.0,0.3642917708950676,3
0.0002931725854714,0.0125716560411709,0.5991354925970533,0.4006973030399215,0.4975116498345442,0.4906487125530436,0.4906487125530436,0.5626670394004126,0.5626697007377217,0.5621573811543743,0.0029377145437765,0.009193438931295,0.0,0.0,0.3634026586109725,3
0.0002933580552326,0.0073027122505406,0.5995190250703608,0.4003137122851989,0.4975102511793809,0.4906484680421708,0.4906484680421708,0.56295761418725,0.5629602872979916,0.5624469806935303,0.0036386930788664,0.0098868463470221,0.0,0.0,0.3635858057381312,3
0.0002935996961791,0.0040354493419918,0.6000178241226835,0.3998147601772078,0.4975082981974132,0.4906481266246878,0.4906481266246878,0.563335528778723,0.5633382172017083,0.5628236269012831,0.0015323043641365,0.0078032082866783,0.0,0.0,0.3630357877817643,3
0.0002938888954453,0.0025154601942404,0.6006136488865104,0.3992188219458948,0.49750608227022,0.4906477392395007,0.4906477392395007,0.5637869413966847,0.5637896481098875,0.5632735244562423,0.002810127636668,0.0090672300631057,0.0,0.0,0.3633696287872943,3
0.0002943144203082,0.0018782906273341,0.6014878447425155,0.3983443865430232,0.4975027173947883,0.4906471509968443,0.4906471509968443,0.5644492677249339,0.5644520012741,0.5639336278379551,0.0011753695443485,0.0074501286436041,0.0,0.0,0.3629428585634786,3
0.0002948509531657,0.001434998018651,0.6025859933703651,0.3972459800971992,0.4974985762737964,0.4906464270520617,0.4906464270520617,0.565281261450927,0.5652840287105955,0.5647628291676738,0.0014791765002529,0.0077506542454993,0.0,0.0,0.3630224190493937,3
0.0002953873688969,0.0012991922586182,0.6036792203273585,0.3961524823701988,0.4974944444071787,0.4906457047251155,0.4906457047251155,0.5661095275164364,0.5661123283355707,0.5655883153479468,0.0014532565067314,0.007725014208289,0.0,0.0,0.3630158652209318,3
0.000295958801394,0.0012988206633159,0.6048386171959691,0.3949927933798907,0.4974900713260721,0.4906449402294012,0.4906449402294012,0.5669879260832387,0.5669907624930944,0.5664637657712611,0.0014492018253573,0.0077210033206619,0.0,0.0,0.3630150349089269,3
0.0002971016663882,0.0012896273542449,0.6071410966826815,0.3926897169339136,0.4974814119448503,0.4906434264088999,0.4906434264088999,0.568732362988602,0.568735270079092,0.5682023478739217,0.0014400882877894,0.0077119882164658,0.0,0.0,0.3630131088118297,3
0.0002993873963766,0.0012714944737017,0.611679151829805,0.3881504267754934,0.4974644665689696,0.4906404640427962,0.4906404640427962,0.5721705481822165,0.5721735945801869,0.5716289935868579,0.0014218066812691,0.0076939040656709,0.0,0.0,0.3630092291825745,3
0.0003039588563535,0.0012376700252423,0.6204746359592248,0.3793523049356525,0.4974321013850997,0.4906348060081614,0.4906348060081614,0.5788343066195828,0.5788376230179596,0.5782703866461536,0.0013881553724814,0.0076606162174783,0.0,0.0,0.3630021750742783,3
0.0003131017763071,0.0011784073260499,0.6368432583603421,0.3629777864657098,0.4973738663639944,0.4906246254459962,0.4906246254459962,0.5912357326159935,0.5912395514920767,0.5906301900982249,0.0013287442308866,0.0076018467629281,0.0,0.0,0.3629898867950905,3
0.0003287267763071,0.0010998441053123,0.6605271681037407,0.3392822076510604,0.497296420313094,0.4906110864393869,0.4906110864393869,0.6091794695017011,0.6091840154173812,0.608513702943217,0.0012504121035058,0.0075243606841161,0.0,0.0,0.3629740995689188,3
0.0003443517763071,0.0010466879597614,0.6780338521006668,0.3217624758793171,0.4972499298230901,0.4906029590391629,0.4906029590391629,0.6224431296993475,0.622448213028512,0.6217328467050247,0.0011972178343327,0.007471740954877,0.0,0.0,0.3629636593471774,3
0.0003599767763071,0.001016001993536,0.6886899413738125,0.3110918646172891,0.4972348900626908,0.4906003298100016,0.4906003298100016,0.6305165459472757,0.6305219563929897,0.6297791663814903,0.0011668869207889,0.0074417376390489,0.0,0.0,0.3629578393206018,3
0.0003756017763071,0.0010063025200572,0.6920865201103823,0.3076804394716285,0.4972531632650114,0.4906035243048031,0.4906035243048031,0.6330899097070293,0.6330954244196171,0.6323438932355184,0.0011572982670252,0.0074322525502855,0.0,0.0,0.3629560048942702,3
0.0003912267763071,0.0010169846949787,0.6880924693896316,0.3116592995975339,0.497302770080021,0.4906121964964575,0.4906121964964575,0.6300638808186428,0.6300692729233907,0.6293280205196251,0.0011685021672279,0.0074433354395563,0.0,0.0,0.3629581433468352,3
0.0004068517763071,0.0010486933199942,0.6768618635162031,0.3228755396317369,0.4973830741849792,0.4906262351439436,0.4906262351439436,0.621555191222421,0.6215602385743286,0.6208478883901084,0.0012005269764451,0.0074750143556526,0.0,0.0,0.3629642924668892,3
0.0004216955263071,0.0010995641228189,0.6598799166510134,0.3398450335977718,0.497484505792511,0.4906439672708734,0.4906439672708734,0.6086890897523494,0.6086936157989522,0.6080249690411142,0.0012520390817667,0.0075259700897325,0.0,0.0,0.362974396842662,3
0.0004373205263071,0.0011775490567581,0.6360172281049022,0.3636958871879453,0.4976132020573569,0.4906664657657623,0.4906664657657623,0.5906099039556927,0.5906136974746153,0.5900064618884021,0.0013307849179874,0.0076038654090036,0.0,0.0,0.3629902568604399,3
0.0004529455263071,0.0012852684736515,0.6069184466631711,0.3927843838077713,0.4977592917658753,0.4906920049573181,0.4906920049573181,0.5685636757532354,0.5685665760089005,0.5680342267986028,0.0014395053527999,0.0077114115776326,0.0,0.0,0.3630129126629901,3
0.0004685705263071,0.0014319196157579,0.5737030928129051,0.4259926688451673,0.4979196248161508,0.49072003414928,0.49072003414928,0.5433985919599277,0.5434004725833672,0.5429536038419999,0.0015874947974821,0.0078578026199472,0.0,0.0,0.3630450123988281,3
0.0004841955263071,0.0016316259950773,0.5376460270862758,0.4620445665295664,0.4980846028588441,0.4907488753720984,0.4907488753720984,0.5160805302815197,0.5160813040389437,0.5157272289771732,0.0017890495339521,0.0080571804067794,0.0,0.0,0.3630905411659589,3
0.0004998205263071,0.0019185323540209,0.500134478813538,0.499554622651095,0.4982513036481601,0.4907780177629898,0.4907780177629898,0.4876605027795983,0.4876601250218462,0.4874025867845836,0.0020789747930084,0.0083439742450679,0.0,0.0,0.3631588624537399,3
0.0005154455263071,0.00239115703166,0.4626084268523249,0.5370813467888838,0.4984099221679168,0.4908057472232061,0.4908057472232061,0.4592294861222656,0.4592279564040819,0.4590669923191645,0.0025577066373534,0.008817535409064,0.0,0.0,0.3632764906706959,3
0.0005310705263071,0.0038477147465467,0.4265115391251527,0.5731826079795475,0.4985577427626992,0.4908315890057953,0.4908315890057953,0.4318812493898619,0.4318786115830377,0.4318105436759955,0.0040471230521894,0.010290864955482,0.0,0.0,0.3636583567812413,3
0.0005330236513071,0.0047942588683585,0.4221690568515943,0.5775249742168369,0.4985731681968386,0.490834285657882,0.490834285657882,0.4285912329982017,0.4285884618873614,0.4285315694703854,0.0051600563931148,0.0113917777412188,0.0,0.0,0.3639481603782509,3
0.0005330846864634,0.0048476041263951,0.4220346010009267,0.5776599341256705,0.4985747436942493,0.4908345610840607,0.4908345610840607,0.4284893643877583,0.4284865891494325,0.4284300427585878,0.0052389956204578,0.0114698643628361,0.0,0.0,0.3639687500761602,3
0.0005332067567759,0.0049814603873268,0.4217647272843167,0.5779297167874025,0.498575511147552,0.4908346952491371,0.4908346952491371,0.4282848981050474,0.4282821145822107,0.4282262627200977,0.0054552609474627,0.0116837938542585,0.0,0.0,0.3640251779260954,3
0.0005334508974009,0.0054979955088146,0.4212259112776409,0.5784687312657988,0.4985778611761833,0.4908351060777436,0.4908351060777436,0.4278766694701644,0.4278738694068276,0.4278194042110744,0.0063830828468166,0.0126015945475471,0.0,0.0,0.3642673868557938,3
0.0005335119325571,0.0057125204805182,0.4210912237792729,0.5786033696635493,0.4985782313076874,0.4908351707835979,0.4908351707835979,0.4277746239377474,0.4277718197397566,0.4277177011711013,0.0068633046285516,0.0130766295564379,0.0,0.0,0.3643927777159298,3
0.0005336340028696,0.006696578998289,0.4208221942165214,0.5788725076383068,0.4985793984075544,0.4908353748143086,0.4908353748143086,0.4275707876862847,0.4275679752293105,0.4275145490493039,0.0097764540776717,0.0159583147008793,0.0,0.0,0.365153539151493,3
0.0005337966415154,0.0126211830606504,0.4204640049894547,0.5792308012786125,0.4985807247631384,0.4908356066858735,0.4908356066858735,0.4272993488409849,0.4272965253859233,0.4272440212262831,0.0274627881671244,0.0334536224752877,0.0,0.0,0.3697725309601259,3
0.0005339542991218,0.0366939070625387,0.4201174162023639,0.5795778057349439,0.4985821710420866,0.4908358595222676,0.4908358595222676,0.4270365195962073,0.4270336854918996,0.4269820741076333,0.0958937783377258,0.1011455041443188,0.0,0.0,0.3876442847239736,3
0.0005341400699914,0.1787072701260602,0.4197108223636093,0.5799862864702596,0.4985837429061313,0.4908361343132665,0.4908361343132665,0.4267270817591017,0.4267242351170733,0.4266736748277145,0.4888865709138847,0.4898936655478947,0.0,0.0,0.4902804116513022,3
0.0005343362649644,0.4802285302710105,0.4192819695937511,0.5804172147655993,0.4985854831598724,0.4908364385419086,0.4908364385419086,0.4264006685792622,0.4263978087117107,0.4263483571789095,0.9133580298165715,0.9097804989297942,0.0,0.0,0.6011376796594894,3
0.0005345344436284,0.743789611748079,0.4188474233176424,0.5808520037631106,0.498587113146328,0.4908367234937833,0.4908367234937833,0.4260712878428216,0.4260684146295084,0.426020081933427,0.956854378920498,0.9528070532619388,0.0,0.0,0.6124973450352074,3
0.0005347427080566,0.8767462568530786,0.4183912567796374,0.5813083796621152,0.4985889642478147,0.490837047100668,0.490837047100668,0.4257256035122717,0.4257227162926119,0.4256755578131125,0.978655393680586,0.97437259992034,0.0,0.0,0.6181909306594551,3
0.0005349453479413,0.937614229681514,0.4179478455108872,0.5817518957333918,0.498590658850623,0.4908373433486802,0.4908373433486802,0.4253896242952258,0.4253867234624489,0.4253407062333129,0.9887707286883484,0.9843786813562654,0.0,0.0,0.6208326209782415,3
0.0005353506277108,0.9837345827559584,0.4170626198987785,0.5826373344425291,0.4985941713613133,0.4908379574007189,0.4908379574007189,0.424718920700996,0.4247159926928277,0.4246722537019928,0.9962776387865708,0.9918045109226956,0.0,0.0,0.6227929932579912,3
0.0005359130719979,0.9932113481819048,0.4158375874453533,0.5838625829979891,0.4985989335188274,0.490838789914208,0.490838789914208,0.4237907885523069,0.4237878229383251,0.4237472366161621,0.9979310837066548,0.993440097337528,0.0,0.0,0.6232245746543352,3
0.0005368205207326,0.9933334108364196,0.4138700152765158,0.585830541831837,0.4986066564025568,0.4908401400175721,0.4908401400175721,0.4223000890828481,0.4222970630690985,0.422261540337851,0.997870524242692,0.9933801919633944,0.0,0.0,0.6232083706018889,3
0.0005382002731777,0.9933153989179708,0.4108998252366049,0.5888012988966576,0.4986181835661369,0.4908421551796376,0.4908421551796376,0.4200497716226293,0.4200466544311106,0.4200187755524853,0.9979645403352172,0.9934731926081948,0.0,0.0,0.6232323386560084,3
0.0005409597780679,0.9933564755936488,0.4050405390279631,0.5946618323852393,0.4986408662055357,0.4908461205258518,0.4908461205258518,0.4156105770478818,0.4156072799902485,0.4155944801170038,0.9979071467496164,0.9934164189184476,0.0,0.0,0.6232161939817984,3
0.0005464787878483,0.9933851707211688,0.3936705866275957,0.6060344917169531,0.4986841305168727,0.4908536839301872,0.4908536839301872,0.4069963134564489,0.4069926673683562,0.4070091283271967,0.9980299603242944,0.99353790600995,0.0,0.0,0.6232460265273203,3
0.0005575168074092,0.9934828955618048,0.3725135454407059,0.6271979598161739,0.4987620356293303,0.4908673031892741,0.4908673031892741,0.3909670185008528,0.3909627229420162,0.3910336320267077,0.998035892677664,0.9935437742892383,0.0,0.0,0.6232434037162897,3
0.0005731418074092,0.99353952764167,0.3468308591365903,0.6528914532170591,0.4988494299655159,0.4908825813407289,0.4908825813407289,0.3715089401805335,0.3715038562244134,0.3716408602870897,0.9981824906812732,0.9936887889191376,0.0,0.0,0.6232766254866524,3
0.0005887668074092,0.9936310765327104,0.3270259014409652,0.6727089662278403,0.4989072409986885,0.4908926877819369,0.4908926877819369,0.3565040297341581,0.3564983378130354,0.356686310383973,0.9981858135448484,0.9936920758931737,0.0,0.0,0.6232735877954969,3
0.0006043918074092,0.993633056233694,0.3138599591750788,0.685888922937302,0.498933665887483,0.4908973073427781,0.4908973073427781,0.3465290631792421,0.3465229670950563,0.3467448225183493,0.9982736778087224,0.9937789911539092,0.0,0.0,0.6232939386159322,3
0.0006200168074092,0.9936841562080104,0.3078387982390937,0.6919248250005048,0.4989272730806382,0.4908961897615313,0.4908961897615313,0.3419672267121287,0.3419609457926565,0.342198296809908,0.9982406448363824,0.993746314963645,0.0,0.0,0.6232841241749751,3
0.0006356418074092,0.9936482069752736,0.3091939992171535,0.6905847160861329,0.4988887215950748,0.4908894502465815,0.4908894502465815,0.3429939729652949,0.3429877336472565,0.3432215970245734,0.9982862136466368,0.9937913915949176,0.0,0.0,0.6232962924253127,3
0.0006512668074092,0.9936543496821146,0.3178732911467008,0.6819200958282234,0.4988190823088394,0.4908772760072801,0.4908772760072801,0.3495697003782616,0.3495637274938116,0.3497752545154289,0.9982120020219852,0.9937179815141652,0.0,0.0,0.6232786224439628,3
0.0006668918074092,0.9935862386024552,0.3335433219781152,0.6662639407241131,0.4987214393773054,0.4908602062112088,0.4908602062112088,0.3614418493658928,0.3614363575140432,0.3616075573557071,0.9982216792488556,0.993727554219376,0.0,0.0,0.6232842399102545,3
0.0006825168074092,0.9935367887217424,0.3556017122252507,0.6442179080343802,0.4985991398827036,0.4908388259904424,0.4908388259904424,0.3781540374946026,0.3781492227827822,0.3782636548548719,0.9980944895541056,0.9936017382733396,0.0,0.0,0.6232553722170286,3
0.0006981418074092,0.993435845489324,0.3832009562926579,0.6166292144317329,0.4984572863646574,0.4908140273635782,0.4908140273635782,0.3990641648193572,0.3990601973385588,0.3991036021292058,0.998069025456807,0.9935765492083142,0.0,0.0,0.6232541644010574,3
0.0007137668074092,0.9933051727059472,0.4152802438550256,0.5845580779394042,0.4983009301765819,0.4907866934009144,0.4907866934009144,0.4233685263150892,0.4233655435919975,0.4233263916053744,0.9978609197515887,0.9933706912083472,0.0,0.0,0.6232061403340234,3
0.0007293918074092,0.9931626299605004,0.4506069698151375,0.5492369743470928,0.4981364773893117,0.4907579440024894,0.4907579440024894,0.4501332572372201,0.4501313589604343,0.4500012928418014,0.9977942202068972,0.9933047120711844,0.0,0.0,0.6231956870849902,3
0.0007450168074092,0.9928707443644184,0.4878233626833467,0.5120232738575488,0.4979698530472278,0.4907288149759926,0.4907288149759926,0.4783296652507849,0.4783289094286196,0.4781030660736005,0.9974199427350384,0.9929344770903186,0.0,0.0,0.6231052776948698,3
0.0007606418074092,0.9926541227274862,0.5254993999097799,0.4743470781109014,0.4978078526414848,0.4907004942993593,0.4907004942993593,0.5068743146356771,0.5068747153780845,0.5065519118843702,0.9972857546206344,0.9928017383130632,0.0,0.0,0.6230776620323195,3
0.0007762668074092,0.9916168580513676,0.5621870258862969,0.4376562621806403,0.4976563121160953,0.4906740022038814,0.4906740022038814,0.5346701135871071,0.5346716405523628,0.5342544206065445,0.9961351480626708,0.991663559210655,0.0,0.0,0.6227843979015018,3
0.0007918918074092,0.9907837475380328,0.5964765399677865,0.4033608335465188,0.4975214421924678,0.4906504244388932,0.4906504244388932,0.5606490197811064,0.5606515993528289,0.5601461345554535,0.995413292707127,0.9909495004605504,0.0,0.0,0.6226026359409578,3
0.0007921359480342,0.7314582460413052,0.5969827958997344,0.4028511619803265,0.4975201426701781,0.490650197258286,0.490650197258286,0.5610353043637224,0.5610378995868218,0.5605311226623922,0.2233383403815431,0.227213564707584,0.0,0.0,0.4209633006341434,3
0.0007921969831904,0.6025954356111414,0.5971093122757664,0.4027238867597378,0.4975193176805019,0.490650053034784,0.490650053034784,0.5611315921943708,0.5611341913188351,0.5606270873250033,0.1002988546260197,0.1055030021449594,0.0,0.0,0.3888296417574754,3
0.0007923190535029,0.3915346889980094,0.5973635483506348,0.4024695080479377,0.4975185087385094,0.4906499116167149,0.4906499116167149,0.5613243313654939,0.561326938299313,0.5608191796112681,0.065977395367471,0.0715522416335871,0.0,0.0,0.3798661066379196,3
0.000792397155423,0.2979876506673887,0.5975260246396666,0.4023068741073376,0.4975177862178577,0.4906497853066995,0.4906497853066995,0.5614474848541937,0.5614500967779135,0.5609419197635062,0.0501504502305769,0.0558962399490002,0.0,0.0,0.3757326847072781,3
0.0007924687955324,0.2320985415676714,0.5976750665266499,0.4021577785199176,0.4975172798426843,0.490649696782924,0.490649696782924,0.5615604409414161,0.5615630574418609,0.5610544967395078,0.0397127536177413,0.0455712786668113,0.0,0.0,0.3730067465701857,3
0.0007926120757514,0.1398400347651656,0.5979728576855121,0.4018598253294786,0.4975160971147851,0.4906494900201432,0.4906494900201432,0.5617861127727376,0.561788738416894,0.5612794111550443,0.0241153754205393,0.0301423644184578,0.0,0.0,0.3689333063160309,3
0.0007928062685623,0.0697703256124673,0.5983760492393476,0.401456506642978,0.4975145971900123,0.4906492278054638,0.4906492278054638,0.5620916237945617,0.5620942618173331,0.5615838967991372,0.0129724739237423,0.0191198150195614,0.0,0.0,0.3660232430247402,3
0.0007929765323217,0.0384440319904664,0.5987290635934689,0.4011033688409566,0.4975132170106739,0.490648986524508,0.490648986524508,0.5623590991045171,0.5623617479647826,0.5618504743895117,0.0074213476646773,0.0136286452889806,0.0,0.0,0.3645735492965163,3
0.0007931340500476,0.0224580463257069,0.5990552888760926,0.4007770702017864,0.4975120023929209,0.4906487741867891,0.4906487741867891,0.5626062664221374,0.562608925297063,0.5620968121466734,0.0051759033197599,0.0114074535085956,0.0,0.0,0.363987180758705,3
0.000793290385504,0.0134158732373407,0.599378658071989,0.4004536049927377,0.4975107458261889,0.4906485545156104,0.4906485545156104,0.562851268565688,0.5628539373675459,0.562340991996676,0.0032999598264805,0.0095517716801101,0.0,0.0,0.3634973125774179,3
0.0007934525246194,0.0080971840110936,0.5997136538466995,0.4001185375780366,0.497509491414883,0.4906483352212401,0.4906483352212401,0.5631050745176269,0.5631077536031274,0.5625939461071016,0.0028062662711849,0.0090634104034061,0.0,0.0,0.3633684428536615,3
0.0007936662770644,0.0044333933373163,0.6001546309159296,0.3996774428103031,0.4975077952711375,0.4906480387038436,0.4906480387038436,0.5634391772491127,0.5634418698716994,0.5629269274993349,0.0018196728922119,0.0080874730086907,0.0,0.0,0.3631108655402378,3
0.0007939564037225,0.0023598173492401,0.6007520363212736,0.399079902377154,0.4975055411194251,0.4906476446363014,0.4906476446363014,0.5638917918034111,0.5638945027649149,0.563378022956607,0.001855401384285,0.0081228156049559,0.0,0.0,0.3631203144015704,3
0.000794343180828,0.0015426813806683,0.6015463479256641,0.3982853894811178,0.4975025105938355,0.4906471148442008,0.4906471148442008,0.564493591146014,0.5644963264910648,0.56397780249763,0.0013403440205798,0.0076133212657716,0.0,0.0,0.3629859557619173,3
0.0007948695970597,0.0013485047544845,0.6026235866005821,0.3972078954263376,0.4974984433297296,0.4906464038109723,0.4906464038109723,0.5653097426554066,0.5653125110690689,0.5647912147815175,0.0016792878492529,0.0079486042345813,0.0,0.0,0.3630746886676507,3
0.0007956592497551,0.0013336281171304,0.6042310280484837,0.3956000446130132,0.4974923542562099,0.4906453393279461,0.4906453393279461,0.5665275963838472,0.5665304141421855,0.5660049810630124,0.0012989083020689,0.0075723330856018,0.0,0.0,0.3629756635917403,3
0.0007969960409588,0.0012973373439738,0.606928729264905,0.392901650039469,0.4974822027943424,0.4906435646640643,0.4906435646640643,0.5685714661939826,0.5685743667652986,0.568041991092521,0.0014419151439311,0.0077137953411246,0.0,0.0,0.3630135440453038,3
0.00079903811825,0.0012720499609323,0.6109910935861153,0.3888381874051191,0.4974670192745267,0.4906409103030898,0.4906409103030898,0.5716492518153302,0.5716522770915521,0.5711094468317625,0.0014242746075364,0.0076963453363939,0.0,0.0,0.3630097380359871,3
0.0008010186561221,0.0012602889852719,0.6148611203727089,0.3849670692722907,0.4974527133325646,0.4906384093590065,0.4906384093590065,0.5745813159594158,0.574584460036239,0.5740316701744854,0.0014096691380354,0.0076818976174479,0.0,0.0,0.3630066867531212,3
0.0008049797318662,0.001229614182776,0.6223849253812922,0.3774409154235305,0.4974251767372308,0.490633595451236,0.490633595451236,0.5802816069692736,0.5802849820089839,0.5797128294638964,0.0013807791621525,0.0076533196760209,0.0,0.0,0.3630006253680188,3
0.0008129018833545,0.0011803831405668,0.6365035071183315,0.3633172129500944,0.4973751085397113,0.4906248426013585,0.4906248426013585,0.5909783254994231,0.5909821339459527,0.5903736469096517,0.0013301419721028,0.0076032294074401,0.0,0.0,0.3629901848385931,3
0.0008285268833545,0.0011000148717346,0.6602609593744242,0.3395480528416052,0.4972971543299334,0.4906112147591491,0.4906112147591491,0.608977780699792,0.6089823184434985,0.6083126910635508,0.0012511149292313,0.007525055918771,0.0,0.0,0.362974230626862,3
0.0008441518833545,0.0010478760498495,0.677851522467241,0.321944523494437,0.4972503988128736,0.4906030410272785,0.4906030410272785,0.6223049905571336,0.6223100682892129,0.6215951711951845,0.0011979113052114,0.0074724269357249,0.0,0.0,0.3629638045027918,3
0.0008597768833545,0.0010156554471216,0.6885983543191824,0.3111831186692286,0.4972348063262353,0.4906003151713156,0.4906003151713156,0.6304471564751987,0.6304525641094083,0.6297100097992744,0.0011669914673486,0.0074418410564235,0.0,0.0,0.3629578485637348,3
0.0008754018833545,0.0010068614122354,0.692089300229988,0.3076773931183476,0.4972527983690127,0.4906034605142123,0.4906034605142123,0.6330920160198404,0.6330975308177713,0.6323459924789734,0.0011574349222063,0.0074323877294831,0.0,0.0,0.3629560411321411,3
0.0008910268833545,0.0010161952452008,0.6881893678799015,0.3115620699086804,0.4973018713432813,0.4906120393806004,0.4906120393806004,0.6301372944163273,0.6301426894956278,0.629401187721393,0.001168092367031,0.0074429300655237,0.0,0.0,0.3629580554293534,3
0.0009066518833545,0.0010486412335192,0.6770492602212124,0.3226878630897267,0.4973819415404579,0.4906260371366665,0.4906260371366665,0.621697169349641,0.6217022224541809,0.6209893900002813,0.0012001141954615,0.0074746060330282,0.0,0.0,0.362964221617045,3
0.0009222768833545,0.0011014845489868,0.6590962573759049,0.3406272146689553,0.4974881397583539,0.4906446025555263,0.4906446025555263,0.6080953627886434,0.6080998647787738,0.6074332347858985,0.0012543923600911,0.0075282979508005,0.0,0.0,0.3629748569015883,3
0.0009379018833545,0.001181389705197,0.6350211047495473,0.3646907254256812,0.4976181670978907,0.4906673337469675,0.4906673337469675,0.5898552069649687,0.5898589699052779,0.5892542978651747,0.00133429134911,0.0076073339679129,0.0,0.0,0.3629909761856266,3
0.0009535268833545,0.0012895537828051,0.6057481781392172,0.3939536481364951,0.497765254307172,0.4906930473201641,0.4906930473201641,0.5676770404479234,0.5676799047791331,0.5671505672815041,0.001444174984444,0.0077160307735831,0.0,0.0,0.3630139014349897,3
0.0009691518833545,0.0014386182508305,0.5724032322442032,0.4272914250924571,0.4979255114942358,0.490721063249829,0.490721063249829,0.542413773301836,0.542415614022653,0.5419720905020446,0.0015939326902916,0.0078641709784521,0.0,0.0,0.3630464374244922,3
0.0009847768833545,0.0016401108902789,0.5362668848901723,0.4634229042211898,0.4980910272204211,0.4907499984696978,0.4907499984696978,0.5150356451538778,0.5150363765749217,0.5146858507670072,0.0017979182386037,0.0080659533224474,0.0,0.0,0.3630925854018879,3
0.0010004018833545,0.0019320504986504,0.4987286393701471,0.5009595730425433,0.4982571839887129,0.4907790457556206,0.4907790457556206,0.4865953908922336,0.4865949699785591,0.4863410497011786,0.002092362813247,0.0083572176641608,0.0,0.0,0.3631620817148767,3
0.0010160268833545,0.0024155530024988,0.4612302690145042,0.5384589184245192,0.4984158629295301,0.4908067857785593,0.4908067857785593,0.4581853467208785,0.4581837746965299,0.4580263573323941,0.0025827378173823,0.0088422962326664,0.0,0.0,0.3632827561836735,3
0.0010316518833545,0.0040373354603979,0.4252136144730995,0.5744798615539635,0.4985626901152864,0.4908324538948194,0.4908324538948194,0.4308978967818093,0.4308952191317636,0.4308304914656183,0.0042421593373337,0.0104837946953886,0.0,0.0,0.3637090376051041,3
0.0010318960239795,0.004096060601318,0.4246695435563073,0.5750234612200116,0.4985636357307945,0.4908326192059548,0.4908326192059548,0.4304856897924314,0.4304829954406917,0.4304196679545353,0.0043366222254767,0.0105772373100628,0.0,0.0,0.3637336007740454,3
0.0010323843052295,0.0042961801924328,0.4235850716186884,0.5761085366651442,0.4985688584899233,0.4908335322411521,0.4908335322411521,0.4296640560464086,0.4296613284039295,0.4296007918338884,0.0045836928385423,0.0108216393662341,0.0,0.0,0.363797913268089,3
0.0010333608677295,0.0053872323197688,0.4214235516824653,0.5782700491651618,0.498576590994479,0.4908348840264151,0.4908348840264151,0.428026410016334,0.4280236160201452,0.4279686421874167,0.0059742209832124,0.0121971487135605,0.0,0.0,0.3641606451672819,3
0.0010336050083545,0.0090654092433145,0.4208854512495159,0.578808597945824,0.4985793857751543,0.4908353726059307,0.4908353726059307,0.4276186910579577,0.4276158805419197,0.4275622916442878,0.0160911881398431,0.0222048446698633,0.0,0.0,0.3668027430746771,3
0.0010336660435108,0.0113367391738049,0.4207508133266849,0.5789431194191323,0.4985795479257979,0.4908354009528717,0.4908354009528717,0.4275166617309501,0.4275138470809147,0.4274606047553344,0.0226155287473649,0.0286587172686928,0.0,0.0,0.3685066499970506,3
0.0010337881138233,0.0219275893702613,0.420482167331316,0.5792120229454762,0.4985807599332545,0.4908356128342624,0.4908356128342624,0.4273130194821375,0.4273101965809792,0.4272576459850615,0.0528701129636325,0.0585865281860506,0.0,0.0,0.3764080543250567,3
0.0010339401248329,0.0664717111613062,0.4201481582173931,0.579546620879611,0.4985819711313612,0.4908358245741637,0.4908358245741637,0.4270595230781042,0.4270566899058455,0.4270050003836149,0.1773272379291711,0.1816994183405235,0.0,0.0,0.408911910910486,3
0.0010341037744046,0.2523496214309209,0.4197907814786046,0.5799065124189988,0.4985835197357202,0.490836095298938,0.490836095298938,0.4267869503420673,0.4267841061257784,0.4267333424755014,0.6901710017813647,0.6890040662907632,0.0,0.0,0.5428490010016394,3
0.0010341905979962,0.4090600304202932,0.4196009752520676,0.5800973142321502,0.4985842207857183,0.4908362178554847,0.4908362178554847,0.4266424001584588,0.4266395500853237,0.4265892774414578,0.9014625731094572,0.8980135225085907,0.0,0.0,0.5980310582172854,3
0.0010342991508559,0.585016729490608,0.419362714200534,0.5803357336818356,0.4985851153151204,0.490836374235821,0.490836374235821,0.4264617818618317,0.4264589244704521,0.4264092653487513,0.9307876902051928,0.927021905281164,0.0,0.0,0.6056897236785137,3
0.0010344159797606,0.7232240691251763,0.4191064370705903,0.580592163118969,0.4985861290338067,0.4908365514526556,0.4908365514526556,0.426267538139461,0.4262646728777656,0.4262156735609202,0.953272196467141,0.9492635611957714,0.0,0.0,0.6115618532038642,3
0.0010345457983777,0.8229320678315024,0.4188218276804765,0.5808769000591592,0.4985872473156352,0.4908367469490676,0.4908367469490676,0.4260518494165892,0.4260489754156749,0.4260007087478176,0.969958826578364,0.9657699625809884,0.0,0.0,0.6159197712110633,3
0.0010348054356119,0.9291213898749112,0.4182531808811147,0.5814457273766358,0.4985894801931962,0.4908371372974934,0.4908371372974934,0.4256209623731412,0.4256180709136594,0.4255712678779851,0.987184935873998,0.9828100163512292,0.0,0.0,0.6204185266232405,3
0.0010352481584465,0.9850327236646352,0.4172854618841716,0.5824136653526184,0.4985932800975927,0.4908378015912842,0.4908378015912842,0.4248877520575402,0.4248848308900362,0.4248405184147796,0.996651463090909,0.9921742976306064,0.0,0.0,0.6228906672590613,3
0.0010357899505696,0.993056931556218,0.4161046204370304,0.5835947270018567,0.4985979051292419,0.4908386101326281,0.4908386101326281,0.4239931025713965,0.4239901451547208,0.4239488716146106,0.9977243473693518,0.993235593915226,0.0,0.0,0.623170634888736,3
0.0010365957630747,0.9933359827779232,0.4143555314434947,0.5853441462374371,0.4986047458258165,0.4908398060133097,0.4908398060133097,0.4226679321139927,0.42266492100441,0.4226281487881596,0.9980267207401292,0.9935347014158408,0.0,0.0,0.6232492595003767,3
0.0010379274918917,0.9932962587910792,0.4114841734998688,0.5882160603740081,0.4986159298940142,0.4908417611959366,0.4908417611959366,0.4204924944068462,0.4204893951534524,0.4204600124391351,0.9977836237484063,0.9932942300627776,0.0,0.0,0.6231852046957158,3
0.0010405909495259,0.9933391468295816,0.4058164500443126,0.5938849658110517,0.4986378658259474,0.4908455960038316,0.4908455960038316,0.416198433146713,0.4161951599076781,0.4161803632115575,0.9980520170587052,0.993559724514286,0.0,0.0,0.6232541821347037,3
0.0010459178647942,0.9933824159219604,0.3948030002904801,0.6049010136121753,0.4986798777336672,0.4908529404647779,0.4908529404647779,0.407854269191467,0.4078506578657984,0.4078642045304067,0.997866324243396,0.9933760373273932,0.0,0.0,0.6232035137188037,3
0.0010560390038039,0.9934622355589448,0.3752121501194604,0.624497745736887,0.4987525738843823,0.4908656491007067,0.4908656491007067,0.3930115732214282,0.3930073605033204,0.3930713246679114,0.9980609851385518,0.9935685957318184,0.0,0.0,0.6232504891653667,3
0.0010716640038039,0.9935490770220494,0.3490214940831662,0.6506991187430526,0.4988429443715194,0.4908814475385665,0.4908814475385665,0.3731686399454181,0.3731636232365752,0.3732949896500646,0.9981472970393273,0.9936539753961976,0.0,0.0,0.6232678661072928,3
0.0010872890038039,0.9936100820677682,0.3286237430218838,0.671108761543475,0.4989025438128247,0.4908918666266977,0.4908918666266977,0.3577146088521027,0.3577089659809053,0.357892826470535,0.9982085695006212,0.9937145860667308,0.0,0.0,0.6232798459608788,3
0.0011029140038039,0.9936492336188534,0.3148045758195149,0.684942343011193,0.498933117016914,0.4908972113900191,0.4908972113900191,0.3472447370127031,0.3472386699260009,0.3474580943565983,0.998247228795306,0.993752827810635,0.0,0.0,0.6232872173199226,3
0.0011185390038039,0.993667123981952,0.3080928565094133,0.6916682463683643,0.4989287263989044,0.4908964438285287,0.4908964438285287,0.3421597098232202,0.3421534367027279,0.3423901338955482,0.998265211691148,0.9937706164770616,0.0,0.0,0.6232905902928021,3
0.0011341640038039,0.993666077266323,0.3087486974892702,0.6910279989209029,0.4988942769326168,0.490890421422656,0.490890421422656,0.3426565972909257,0.3426503443031888,0.3428853536743394,0.9982635642732024,0.9937689868525256,0.0,0.0,0.6232902893747583,3
0.0011497890038039,0.99364460501148,0.3167447206522756,0.6830462050191597,0.4988263825267705,0.4908785522208206,0.4908785522208206,0.3487146568308474,0.3487086493019686,0.3489230807257324,0.9982419623488248,0.993747618245917,0.0,0.0,0.6232862244988944,3
0.0011654140038039,0.9936031334985383,0.3317758039136063,0.6680296005265376,0.4987323361904061,0.4908621111763152,0.4908621111763152,0.360102717562597,0.3600971714521582,0.360272920041422,0.9981997221836364,0.993705834307726,0.0,0.0,0.6232781569276644,3
0.0011810390038039,0.9935385695547436,0.353262160673828,0.6465552651322783,0.4986110941592692,0.4908409158197823,0.4908409158197823,0.3763815134204639,0.3763766268899807,0.3764970798515811,0.9981347402075345,0.993641554188062,0.0,0.0,0.6232654229477992,3
0.0011966640038039,0.9934487862824506,0.3803802190030754,0.6194484455026383,0.498471947833865,0.4908165904604204,0.4908165904604204,0.3969270782735226,0.3969230242028154,0.3969736882246092,0.998043906315992,0.9935517013739712,0.0,0.0,0.623247047899727,3
0.0012122890038039,0.9933272487256386,0.4120857203257709,0.5877508415143045,0.4983156380222828,0.4907892646052281,0.4907892646052281,0.4209482462815198,0.4209451654941602,0.4209142346870853,0.9979214941059706,0.9934306113120718,0.0,0.0,0.6232213303175627,3
0.0012279140038039,0.9931642959201982,0.4471623530975955,0.5526805743123269,0.4981527526757934,0.4907607892245335,0.4907607892245335,0.4475234984329427,0.4475214944146382,0.4474002930948758,0.9977568651683272,0.9932677604964038,0.0,0.0,0.6231852519596952,3
0.0012435390038039,0.992941906505358,0.4842600385505249,0.5155853745976462,0.49798499564546,0.490731462183115,0.490731462183115,0.4756299691359584,0.4756291039282183,0.4754124308700979,0.997532593921768,0.9930459115556532,0.0,0.0,0.6231339956297761,3
0.0012591640038039,0.9926180198132804,0.5219552230746758,0.4778907900920693,0.49782334434355,0.4907032025363089,0.4907032025363089,0.5041891258489688,0.5041894177936054,0.5038757353184635,0.9972050139062466,0.9927218696618776,0.0,0.0,0.6230558764269041,3
0.0012747890038039,0.9920507688621254,0.55879722094302,0.441045402538779,0.4976695053318685,0.4906763086227818,0.4906763086227818,0.5321018801694679,0.5321033030757196,0.531694806875813,0.9966299640722176,0.9921530308182216,0.0,0.0,0.6229129583677908,3
0.0012767421288039,0.9919425396817596,0.5632723296266603,0.4365706904755487,0.4976535076852539,0.4906735119373378,0.4906735119373378,0.5354923753120666,0.5354939355935059,0.5350739225984606,0.9965173058578948,0.9920415894011972,0.0,0.0,0.6228844184001079,3
0.0012806483788039,0.9916572479094976,0.572102259665646,0.4277385400236059,0.4976160626961827,0.4906669658585044,0.4906669658585044,0.5421822320532625,0.5421840633925522,0.5417413263686099,0.9962261947783144,0.9917536225501788,0.0,0.0,0.622810131443321,3
0.0012884608788039,0.9897319952713814,0.5892213313137162,0.4106172656111068,0.4975506221637342,0.4906555256392675,0.4906555256392675,0.5551522308584376,0.5551545877127169,0.5546677943451122,0.9942133598541726,0.989762527825923,0.0,0.0,0.6222878240144736,3
0.0012887050194289,0.9895386743856436,0.5897426014116808,0.4100952567040338,0.4975472324735355,0.4906549330585294,0.4906549330585294,0.5555471641722752,0.5555495370283584,0.5550614021557883,0.99383549002016,0.9893887392832392,0.0,0.0,0.6221892401979519,3
0.0012887660545852,0.98945648785052,0.5898732700765911,0.4099648864898971,0.497547433737362,0.4906549682431805,0.4906549682431805,0.5556461637893632,0.5556485406566867,0.555160069503349,0.9936695029652614,0.98922454501905,0.0,0.0,0.6221459158531895,3
0.0012888881248977,0.9892109889292342,0.5901336854125503,0.4097043050137434,0.4975461855597074,0.4906547500385681,0.4906547500385681,0.5558434650238729,0.5558458498853959,0.5553567085414804,0.99318630837264,0.988746569307968,0.0,0.0,0.622019773390396,3
0.0012891322655227,0.9819633397210392,0.5906540926340452,0.4091837800153685,0.497544354963408,0.4906544300163706,0.4906544300163706,0.5562378152297092,0.5562402160694095,0.5557497352012234,0.9728158431130454,0.9685961210906048,0.0,0.0,0.6166998107843882,3
0.0012891933006789,0.9774373955645216,0.5907839398224956,0.4090537821194481,0.4975437141411163,0.4906543179887443,0.4906543179887443,0.5563362373486841,0.556338642176226,0.5558478269889112,0.959947145433413,0.9558664154646525,0.0,0.0,0.6133389749564839,3
0.0012893153709914,0.9568447120434244,0.591043491887198,0.4087939468874453,0.4975427981552287,0.4906541578574163,0.4906541578574163,0.5565330873621631,0.5565355001656218,0.5560440163204319,0.902058133771008,0.8986026506467034,0.0,0.0,0.5982204064031198,3
0.0012894998591796,0.8176215852240301,0.5914338556380548,0.4084016582516643,0.4975411776066747,0.4906538745554618,0.4906538745554618,0.5568301998049567,0.5568326246467391,0.5563401315734001,0.5172526758818234,0.5179533942777288,0.0,0.0,0.4977225266311282,3
0.001289684102682,0.5310676461788527,0.5918230871463829,0.4080103811804588,0.4975397419104852,0.4906536235691305,0.4906536235691305,0.5571266085619498,0.557129045413544,0.556635545502328,0.0888203629192621,0.0941484871742465,0.0,0.0,0.3858308118955645,3
0.0012897474261614,0.4257052437946931,0.5919573290098172,0.4078760151446066,0.4975391928054291,0.4906535275753787,0.4906535275753787,0.5572283766841825,0.5572308176591906,0.5567369720631803,0.0712963635170891,0.0768137607448505,0.0,0.0,0.3812541721644086,3
0.0012897991131466,0.3555274804230347,0.5920669009082904,0.4077663838057913,0.4975388062729613,0.4906534600023317,0.4906534600023317,0.5573114323150018,0.557313876655236,0.5568197489368085,0.0599101912434872,0.065550568084824,0.0,0.0,0.3782805170080146,3
0.0012898501002287,0.2976840629389861,0.5921749307691279,0.4076582751245326,0.4975383659589054,0.4906533830272652,0.4906533830272652,0.5573933136590475,0.5573957613169284,0.5569013554648876,0.0502184177152065,0.0559634733313526,0.0,0.0,0.3757493802497377,3
0.0012899469756847,0.2113160544895853,0.5923801264587741,0.4074529730918941,0.49753758108664,0.490653245817031,0.490653245817031,0.5575488268784375,0.557551280837362,0.5570563467397955,0.036073286778778,0.041971120931445,0.0,0.0,0.3720551987950204,3
0.0012901127918073,0.1151222312292995,0.592731064746289,0.4071018878795109,0.4975362315175964,0.4906530098873227,0.4906530098873227,0.5578147656410277,0.5578172303751888,0.5573213929398739,0.0202334599288403,0.0263023766664443,0.0,0.0,0.3679184497682118,3
0.0012902882365587,0.0618091006294278,0.5931019767788757,0.4067308549500117,0.4975348011313483,0.4906527598292675,0.4906527598292675,0.5580958122488735,0.5580982883704069,0.5576014962791875,0.0114537148913155,0.0176174597788948,0.0,0.0,0.36562555533797,3
0.0012904414847943,0.0363053118333026,0.593425608644393,0.4064071343519018,0.4975335559934808,0.4906525421560663,0.4906525421560663,0.5583410216118104,0.5583435076686721,0.557845882653092,0.0072535100650935,0.0134626204674441,0.0,0.0,0.3645286700518174,3
0.0012906130802972,0.0201995504734678,0.5937875827726841,0.4060450690282653,0.4975321618383623,0.4906522984318848,0.4906522984318848,0.5586152749138458,0.5586177720828304,0.5581192154867693,0.0046000821445801,0.0108378516548797,0.0,0.0,0.3638357572793481,3
0.0012907752736158,0.0118835399075212,0.5941293276425708,0.4057032437891881,0.4975308482056353,0.4906520687845114,0.4906520687845114,0.5588741973071046,0.5588767049670386,0.5583772688663522,0.0032298406314613,0.0094824098275322,0.0,0.0,0.3634779646939026,3
0.0012909428772677,0.0071141612656952,0.5944820625508016,0.4053504276885492,0.4975294914885677,0.4906518316051959,0.4906518316051959,0.5591414440663668,0.5591439625545342,0.5586436186731113,0.0024430258057403,0.0087040932206066,0.0,0.0,0.3632725452693713,3
0.0012911718555651,0.0038178322961116,0.5949632890262248,0.4048690930047028,0.4975276435262872,0.4906515085471026,0.4906515085471026,0.5595060395558188,0.5595085728165702,0.5590069904813569,0.0018987907170675,0.008165736298827,0.0,0.0,0.3631305046710962,3
0.0012914786059764,0.0020881423656418,0.5956067288860452,0.4042255086751736,0.4975251736645072,0.4906510767694383,0.4906510767694383,0.559993532522101,0.5599960855349638,0.5594928472892159,0.0016114331276381,0.0078814823973145,0.0,0.0,0.3630555836329278,3
0.0012918951234736,0.0014527974043584,0.5964781368944657,0.4033539047779695,0.4975218345747167,0.4906504930345905,0.4906504930345905,0.5606537412860065,0.5606563210490338,0.5601508402137044,0.0015039490671244,0.0077751592491698,0.0,0.0,0.363027684331804,3
0.0012924621820703,0.0013294809260064,0.5976602329649342,0.4021715389702827,0.4975173121159866,0.490649702424896,0.490649702424896,0.5615493376143303,0.5615519536648933,0.5610434306781947,0.0014791926049836,0.0077506701762863,0.0,0.0,0.3630214519025989,3
0.001293350031448,0.0013208986870308,0.5995010471055543,0.400330295981322,0.4975102897593491,0.490648474786665,0.490648474786665,0.5629440011257516,0.5629466736849228,0.562433413321153,0.0014715253510409,0.007743085734715,0.0,0.0,0.3630198124853287,3
0.00129498771582,0.0013071073646868,0.602863787660519,0.396966740420763,0.4974975205092828,0.4906462424848364,0.4906462424848364,0.5654917279430329,0.5654945037303271,0.5649725892772312,0.0014573183886128,0.0077290322186522,0.0,0.0,0.3630167652427024,3
0.001298263084564,0.001280254949722,0.6094568816289772,0.390371927717762,0.4974727230346576,0.4906419074261866,0.4906419074261866,0.5704868805638742,0.5704898587434444,0.5699509768130329,0.0014308069044606,0.007702807079375,0.0,0.0,0.363011141503007,3
0.001304813822052,0.0012317078020557,0.6220748450083085,0.3777501848325246,0.4974262382840848,0.4906337810293217,0.4906337810293217,0.5800466795143251,0.5800500450353069,0.5794786904891124,0.0013819602084508,0.0076544879660906,0.0,0.0,0.3630008726693107,3
0.001317915297028,0.0011511705899561,0.6447460500669774,0.3550701815603608,0.4973468107167647,0.4906198956168776,0.4906198956168776,0.5972231568484886,0.5972272183214472,0.5965975189134134,0.001301752855683,0.0075751469158002,0.0,0.0,0.3629843959948421,3
0.001333540297028,0.0010809776522901,0.6666136737738173,0.3331905333242978,0.4972788963315051,0.4906080229222702,0.4906080229222702,0.613790813548818,0.6137955463057195,0.6131095700708151,0.0012313517291848,0.007505506176825,0.0,0.0,0.3629703219044808,3
0.001349165297028,0.0010348570457012,0.6820696983448153,0.3177208317592681,0.497241701871939,0.4906015206406426,0.4906015206406426,0.6255008243009129,0.6255060315209406,0.6247802788553876,0.0011856601577713,0.0074603081103103,0.0,0.0,0.3629614367424063,3
0.001364790297028,0.0010109155787183,0.690520397424395,0.3092555688209069,0.4972371788104262,0.4906007299255705,0.4906007299255705,0.6319033618083059,0.631908828444659,0.6311613277128977,0.0011616593443653,0.0074365665245611,0.0,0.0,0.3629568350206278,3
0.001380415297028,0.0010073315015158,0.6916407748524742,0.3081200598165615,0.4972649817651868,0.4906055903979108,0.4906055903979108,0.6327521979144489,0.6327576989437194,0.6320073148951769,0.0011586387050058,0.0074335785104818,0.0,0.0,0.3629562670702719,3
0.001396040297028,0.0010245475003779,0.6853880125030722,0.3143579417204683,0.4973245586092059,0.4906160055356171,0.4906160055356171,0.628014892151007,0.6280202012353725,0.6272859088128883,0.0011759933701905,0.0074507457316364,0.0,0.0,0.3629595664765467,3
0.001411665297028,0.0010628084234494,0.6720021626631795,0.3277294962293043,0.4974131063863436,0.490631485329951,0.490631485329951,0.617873316301352,0.617878214472023,0.6171783708384417,0.0012150127265578,0.0074893436482739,0.0,0.0,0.3629671173208784,3
0.001426509047028,0.0011207697462255,0.6531447913963447,0.3465749653267043,0.4975220248624192,0.4906505263004114,0.4906505263004114,0.6035863294099887,0.6035906487042942,0.6029393349444502,0.0012734615524295,0.0075471611808675,0.0,0.0,0.3629786634986207,3
0.001442134047028,0.0012072880692079,0.6275613089793801,0.3721471666279438,0.4976568281133127,0.4906740924097687,0.4906740924097687,0.5842034115424778,0.5842069454848312,0.5836214713988052,0.0013607974546303,0.0076335537866517,0.0,0.0,0.3629964276082716,3
0.001457759047028,0.0013255892251739,0.5970666373035317,0.4026322330294893,0.4978073383608916,0.4907004043935698,0.4907004043935698,0.561099609322022,0.5611022071506127,0.5605952117958359,0.0014801925399181,0.0077516593111373,0.0,0.0,0.3630215959950258,3
0.001473384047028,0.0014866844915684,0.562833994455149,0.4368586405257519,0.4979703644112208,0.4907289043719062,0.4907289043719062,0.5351637926870765,0.5351653396550917,0.5347464427857506,0.0016427643387158,0.0079124752066767,0.0,0.0,0.363057303532534,3
0.001489009047028,0.0017082579020599,0.5261772256483638,0.4735110874710402,0.49813596781508,0.4907578549194593,0.4907578549194593,0.5073913754532948,0.5073917971458359,0.5070672373058476,0.0018664393033841,0.0081337343058495,0.0,0.0,0.3631084910822442,3
0.001504634047028,0.0020357520096647,0.4885067151167283,0.511181040884175,0.4983014375872909,0.4907867821057207,0.4907867821057207,0.478850912584825,0.4788501778824218,0.4786225639604174,0.002197555841983,0.0084612745254725,0.0,0.0,0.3631875387690408,3
0.001520259047028,0.0026240007159195,0.4512684428531576,0.5484208655810439,0.4984567820343537,0.4908139391972839,0.4908139391972839,0.4506379272101242,0.4506360493814232,0.450504269005596,0.0027943204988401,0.0090515936547957,0.0,0.0,0.3633360498486286,3
0.001522212172028,0.0027392960870549,0.4467159478547353,0.5529737658717075,0.498475318780629,0.4908171797644584,0.4908171797644584,0.4471888015332064,0.4471867839537413,0.4470667195285814,0.0029145486069965,0.0091705232048478,0.0,0.0,0.3633665515518747,3
0.001526118422028,0.0030508026097223,0.4377097398811259,0.5619810938871272,0.498512053091547,0.4908236016035647,0.4908236016035647,0.4403653905287278,0.4403630964800959,0.4402662097394277,0.0032330092878247,0.0094855442599154,0.0,0.0,0.36344794652253,3
0.001527094984528,0.0031498927850862,0.435480599446485,0.5642104307150431,0.4985208370840643,0.4908251372084325,0.4908251372084325,0.4386765174500868,0.438674154972141,0.4385830049762385,0.0033374451178381,0.009588852100846,0.0,0.0,0.3634747819877771,3
0.001529048109528,0.0034069487151747,0.4310519822460961,0.5686397552714542,0.4985388158789794,0.4908282802353571,0.4908282802353571,0.4353212452903158,0.4353187468643379,0.4352389940185486,0.0036052667020167,0.0098537810013258,0.0,0.0,0.3635438544615102,3
0.001532954359528,0.0047834182829059,0.4223213305803523,0.5773717021213525,0.4985733901245379,0.4908343244549614,0.4908343244549614,0.4287066010276059,0.428703834591217,0.4286465502934377,0.0050845963328006,0.0113171327088907,0.0,0.0,0.3639284828328223,3
0.0015330764298405,0.0048664750139206,0.422051428507681,0.5776416798910431,0.4985745212549894,0.4908345221975509,0.4908345221975509,0.4285021135142481,0.4284993387924881,0.4284427490955563,0.0052292905176632,0.0114602640827829,0.0,0.0,0.3639662187553121,3
0.0015333205704655,0.0051750813029693,0.4215120980079582,0.5781810866182331,0.4985766136529488,0.4908348879875361,0.4908348879875361,0.4280934964882519,0.4280907052102551,0.4280355034989657,0.0057590693647067,0.0119843209017098,0.0,0.0,0.3641044724222214,3
0.0015333816056218,0.0052907793666617,0.4213773947065102,0.5783158235013619,0.4985771665877978,0.4908349846508066,0.4908349846508066,0.4279914399710181,0.4279886445579222,0.4279337895110439,0.0059596148679317,0.0121827003558097,0.0,0.0,0.3641568214500112,3
0.0015335036759343,0.0056569246314751,0.4211081045418908,0.5785851589542841,0.4985782197307395,0.4908351687597326,0.4908351687597326,0.4277874136916871,0.4277846100119083,0.427730447999163,0.0067746345947239,0.0129889172286973,0.0,0.0,0.3643696234802565,3
0.0015336709364241,0.0077002678760169,0.4207394570561361,0.578953901389311,0.4985796817613388,0.4908354243498075,0.4908354243498075,0.4275080924483975,0.4275052774511542,0.4274520642336148,0.0128183545586631,0.0189673602648101,0.0,0.0,0.3659479626669663,3
0.0015338263932268,0.0161433654790412,0.4203972221091982,0.5792963086584346,0.4985810267776345,0.4908356594836109,0.4908356594836109,0.427248716115274,0.4272458906086889,0.4271935584377125,0.0375787949758313,0.0434603684561793,0.0,0.0,0.372414471000795,3
0.0015340091394997,0.0667525299591196,0.419995832296449,0.5796984362668536,0.4985826261246044,0.4908359390791351,0.4908359390791351,0.4269441086621285,0.4269412708135389,0.4268899733296771,0.1793397844416509,0.1836902277681902,0.0,0.0,0.409437488833732,3
0.0015342027017561,0.3337757680322253,0.4195737593216694,0.580123905647808,0.4985843431546803,0.4908362392478497,0.4908362392478497,0.4266218294886745,0.4266189785820625,0.4265687758124125,0.8875808734713355,0.8842817561418304,0.0,0.0,0.5944056301302052,3
0.0015343364214058,0.5829180811165451,0.4192803282282361,0.5804175581833046,0.4985854309033506,0.490836429406499,0.490836429406499,0.4263993636932776,0.4263965037728551,0.4263470566724756,0.9307169814368976,0.9269519602231652,0.0,0.0,0.6056712407326679,3
0.0015344583969802,0.7267143725700573,0.4190128190855327,0.5806852223220953,0.4985864944442966,0.490836615333189,0.490836615333189,0.4261966117442455,0.426193743608773,0.426144985213896,0.952768805402056,0.948765607150009,0.0,0.0,0.6114303663019212,3
0.0015346071512844,0.8401752359759123,0.4186868017242122,0.5810113932521392,0.498587783133932,0.4908368406200473,0.4908368406200473,0.4259495395455211,0.4259466613992426,0.4258987422563856,0.9726782538611052,0.9684600179107732,0.0,0.0,0.616629965501869,3
0.0015348555981086,0.9382675560398488,0.4181428379379443,0.581555526329866,0.4985899141736882,0.4908372131653354,0.4908372131653354,0.4255373569734216,0.4255344621264383,0.42548794308063,0.9888344883279312,0.9844417523416064,0.0,0.0,0.6208493112563935,3
0.0015352047034435,0.9872951304899824,0.4173797684412391,0.5823187708300372,0.4985929093197812,0.4908377367724435,0.4908377367724435,0.424959201007896,0.4249562827353418,0.4249117275631074,0.996908745672527,0.99242880135804,0.0,0.0,0.6229578792216302,3
0.0015355850275459,0.9998730894624152,0.4165502357337049,0.5831484646452785,0.4985961617251151,0.4908383053532401,0.4908383053532401,0.4243307114498057,0.4243277677122774,0.4242853473861888,0.9989828260276206,0.9944804800144358,0.0,0.0,0.6234993941249611,3
0.0015361190172699,0.9974443394510626,0.4153887368564447,0.5843101767283447,0.4986007078690555,0.4908391001035487,0.4908391001035487,0.42345072174216,0.4234477423494409,0.4234083111623307,0.9985870955336382,0.994089023720954,0.0,0.0,0.6233958138784723,3
0.0015370399823231,0.9923538312604994,0.4133944725793984,0.5863048155301651,0.4986084939852402,0.4908404612611192,0.4908404612611192,0.4219398021447685,0.4219367615330078,0.4219024626203126,0.9977560362649556,0.9932669405458402,0.0,0.0,0.623178376501645,3
0.0015388819124294,0.9938379484282712,0.4094409332453689,0.5902591445727077,0.4986238627261761,0.490843148002182,0.490843148002182,0.4189444651899492,0.4189413032139161,0.418917178827545,0.9980142394802604,0.9935223549633928,0.0,0.0,0.6232450306727544,3
0.0015425657726421,0.9929948797085362,0.4016811424707493,0.5980206275748454,0.4986537374648616,0.4908483706607916,0.4908483706607916,0.4130653838264441,0.4130619836433433,0.4130578292533354,0.9979017497384514,0.9934110801992468,0.0,0.0,0.6232141219998999,3
0.0015499334930676,0.9937369487878748,0.3868083389679498,0.6128972710781064,0.4987098290471818,0.4908581765100884,0.4908581765100884,0.4017972407797022,0.4017933840369545,0.4018275051464252,0.9980714927769774,0.9935789898794868,0.0,0.0,0.6232555201508876,3
0.0015646689339185,0.993221683052266,0.3600850334180941,0.6396298923342254,0.4988056923347366,0.4908749351913732,0.4908749351913732,0.3815507544227375,0.3815460773381974,0.3816489714810585,0.9980642294608204,0.9935718050128556,0.0,0.0,0.6232483534253712,3
0.0015802939339185,0.993857467515067,0.3369829630203328,0.6627434507663326,0.4988795147193445,0.4908878407138821,0.4908878407138821,0.3640478385352618,0.3640424522721938,0.36420480011964,0.9982289843001548,0.9937347803703772,0.0,0.0,0.6232868260307378,3
0.0015959189339185,0.9933819884698204,0.3201374536282991,0.6796024220675814,0.4989235428867071,0.4908955376544232,0.4908955376544232,0.3512851070575999,0.3512792036775452,0.3514849038253654,0.9981910049084036,0.9936972111859204,0.0,0.0,0.6232735852092866,3
0.0016115439339185,0.9938960320232428,0.3101951929972295,0.6895589254254839,0.4989346191199861,0.4908974739855056,0.4908974739855056,0.3437525114276671,0.3437463028438901,0.34397758962643,0.9982982177007268,0.9938032659957844,0.0,0.0,0.623299624905524,3
0.0016271689339185,0.993451099365686,0.3075389268997824,0.6922303379996679,0.4989137753793691,0.490893830112917,0.490893830112917,0.3417400340074789,0.3417337438826726,0.3419718666255059,0.9982308706665656,0.9937366463625474,0.0,0.0,0.623281512363643,3
0.0016427939339185,0.9938591408458064,0.3122700656765033,0.6875139989030532,0.4988603631550412,0.4908844926651092,0.4908844926651092,0.3453245056701072,0.3453183607799781,0.3455443078304471,0.9982874491105886,0.993792613714887,0.0,0.0,0.6232972216818615,3
0.0016584189339185,0.99343623250928,0.324207457340852,0.6755911544021687,0.4987778765478414,0.4908700724757378,0.4908700724757378,0.3543686804820631,0.3543629020414228,0.3545581279422877,0.9981903281352944,0.9936965417224928,0.0,0.0,0.6232742110582363,3
0.0016740439339185,0.9937452240157458,0.3428916933372613,0.6569199927247749,0.4986680519626341,0.4908508731005894,0.4908508731005894,0.36852449397114,0.3685192890920157,0.3686664306874566,0.9981955784288592,0.9937017353087588,0.0,0.0,0.6232792667586176,3
0.0016896689339185,0.9933300288903668,0.367605404791693,0.6322180361432268,0.4985365354818114,0.4908278815796222,0.4908278815796222,0.3872484439019662,0.3872439976749052,0.3873275379712817,0.9980613300270834,0.9935689368952828,0.0,0.0,0.6232490791992664,3
0.0017052939339185,0.9935369335427104,0.397398203457981,0.6024345669959361,0.4983869635152125,0.4908017336247451,0.4908017336247451,0.4098204830024705,0.4098169513433343,0.409823819195348,0.998005527413826,0.9935137369941264,0.0,0.0,0.6232403805716848,3
0.0017209189339185,0.9931026694108008,0.431125817490777,0.5687141472994712,0.4982264938991125,0.4907736805585432,0.4907736805585432,0.435373672712452,0.4353711764107146,0.4352912454800572,0.9978131918571862,0.993323478812733,0.0,0.0,0.6231968001728987,3
0.0017365439339185,0.993180972278373,0.4674914664405763,0.532352633872138,0.4980598913136682,0.4907445553355107,0.4907445553355107,0.4629255273657627,0.4629241474028028,0.4627506286472444,0.9976637684040168,0.9931756692503504,0.0,0.0,0.6231649471569598,3
0.0017521689339185,0.992659311581583,0.5050982803658767,0.4947473792831766,0.4978949525521381,0.4907157209797684,0.4907157209797684,0.4914177314569758,0.491417505933624,0.4911472051849443,0.9973493576537014,0.9928646543833616,0.0,0.0,0.6230902498868722,3
0.0017677939339185,0.992467936703382,0.5425004100091647,0.4573435323771724,0.4977366294646015,0.4906880431665855,0.4906880431665855,0.5197548600381994,0.519755782671147,0.5193892266880655,0.9969577177969922,0.9924772445450536,0.0,0.0,0.6229953426657355,3
0.0017834189339185,0.9912541959879598,0.5782611451939403,0.4215785020144034,0.4975923853400203,0.4906628266173444,0.4906628266173444,0.5468484146083556,0.5468504350107989,0.5463918479512995,0.995906439348559,0.9914373207304908,0.0,0.0,0.6227278368409062,3
0.0017853720589185,0.9911282004156288,0.5825465566339828,0.417292609118496,0.4975761377494492,0.4906599862370594,0.4906599862370594,0.5500951892787321,0.5500973412331349,0.5496277255665537,0.9956183218305584,0.9911523151082332,0.0,0.0,0.6226534355270248,3
0.0017858603401685,0.9909738032702764,0.5836099040428483,0.4162288189495173,0.4975714397420407,0.4906591649381989,0.4906591649381989,0.5509008178947858,0.5509030024914364,0.5504306502747826,0.9955035871758914,0.9910388196780532,0.0,0.0,0.6226236804701404,3
0.0017868369026685,0.9907179893873724,0.5857277945549794,0.4141107390412854,0.4975636279933186,0.4906577992995853,0.4906577992995853,0.55250540483253,0.5525076544434108,0.5520298517841911,0.9952323981014424,0.990770559658846,0.0,0.0,0.6225532728517704,3
0.0017887900276685,0.9892115194403284,0.5899237913964498,0.4099136948105894,0.497546873259695,0.4906548702612853,0.4906548702612853,0.5556844411026811,0.5556868195209147,0.5551982183476367,0.9934881283321996,0.9890451293746416,0.0,0.0,0.6220985569970654,3
0.0017888510628248,0.98912532328337,0.5900541873757127,0.4097833983766786,0.4975466440568477,0.4906548301923751,0.4906548301923751,0.5557832341174047,0.5557856165385076,0.5552966797862466,0.9933239615112704,0.9888827356844636,0.0,0.0,0.6220557079810667,3
0.0017889731331373,0.9887982986233912,0.5903145235340089,0.4095229647812275,0.4975455496974597,0.4906546388780496,0.4906546388780496,0.5559804766987222,0.5559828671116479,0.5554932603680418,0.992463056992244,0.9880311296111778,0.0,0.0,0.6218309206548016,3
0.0017892172737623,0.975285365065769,0.5908344935855564,0.4090027368240419,0.4975435999470008,0.4906542980254943,0.4906542980254943,0.5563745594052311,0.556376965785496,0.5558860204262577,0.9540589022561498,0.9500417699436672,0.0,0.0,0.611801178233849,3
0.0017892783089185,0.9667937927549952,0.590964254877736,0.4088728134547852,0.4975430479565839,0.4906542015273279,0.4906542015273279,0.5564729559213304,0.5564753662883993,0.5559840866970001,0.9300173987794172,0.926259933608472,0.0,0.0,0.605522389613738,3
0.001789400379231,0.9285726939636776,0.5912234004203154,0.4086131275954451,0.4975420687279182,0.4906540303399888,0.4906540303399888,0.5566696702568991,0.5566720885943875,0.5561801408059821,0.8233567017140532,0.8207512559394061,0.0,0.0,0.5776663334269034,3
0.001789644519856,0.6130028565048675,0.5917386286096821,0.4080944015315196,0.4975400010621724,0.4906536688736536,0.4906536688736536,0.5570625698639067,0.5570650041207977,0.5565717217354991,0.1029817938563462,0.108156963521986,0.0,0.0,0.3895292741592825,3
0.0017897662453603,0.3988760807647757,0.5919967491204235,0.4078360939417583,0.4975390841207994,0.4906535085752889,0.4906535085752889,0.5572582591715559,0.5572607013573347,0.5567667542568331,0.0666350473393698,0.0722027904470735,0.0,0.0,0.3800368043991952,3
0.0017898839117149,0.2635719701228972,0.5922460728656816,0.4075866050182364,0.4975380933507161,0.4906533353702959,0.4906533353702959,0.5574472305565938,0.5574496803990654,0.5569550914027234,0.0453438960209321,0.0511416003042441,0.0,0.0,0.3744763367887129,3
0.0017900270668004,0.1555325558829267,0.5925491841489138,0.4072833445932212,0.497536927030993,0.4906531314759687,0.4906531314759687,0.5576769431912117,0.5576794023411192,0.5571840330595261,0.0268890325464943,0.0328860638665081,0.0,0.0,0.3696566206639489,3
0.0017901683855177,0.092052286499527,0.5928481500793492,0.4069842685979997,0.4975357799699758,0.4906529309484206,0.4906529309484206,0.5579034869009376,0.5579059552298834,0.5574098164272071,0.0164339804740454,0.0225439345773163,0.0,0.0,0.3669261794422556,3
0.0017903011568799,0.0564549788096268,0.5931287825073005,0.4067035487786126,0.4975346989722751,0.4906527419699661,0.4906527419699661,0.5581161242957551,0.5581186012402867,0.5576217401533387,0.0105723108982141,0.0167455756419726,0.0,0.0,0.365395368201946,3
0.0017904241838404,0.0361970736791631,0.593388596259602,0.4064436634203601,0.4975336981882599,0.490652567014352,0.490652567014352,0.5583129798316538,0.5583154647523262,0.5578179349887443,0.0072356597431685,0.0134449629430317,0.0,0.0,0.3645240008626009,3
0.0017905324313242,0.0247532077869864,0.5936170180182018,0.4062151835007043,0.4975328188901291,0.4906524132967245,0.4906524132967245,0.5584860465953065,0.5584885385282522,0.5579904208934662,0.0053506137224486,0.0115802769015594,0.0,0.0,0.3640317366905768,3
0.0017906398928045,0.0171580781119117,0.5938436123007718,0.4059885342403157,0.497531946977622,0.490652260870241,0.490652260870241,0.5586577265621181,0.5586602254511475,0.5581615246558128,0.0040992151061339,0.0103423943742837,0.0,0.0,0.3637049590766644,3
0.0017907476132787,0.0121553413507237,0.5940705825516278,0.4057615107673931,0.4975310739957468,0.4906521082568121,0.4906521082568121,0.5588296898671199,0.558832195723713,0.5583329108053899,0.0032746856087457,0.0095267704438001,0.0,0.0,0.3634896650758413,3
0.0017909377963822,0.0067681497203851,0.5944708844837067,0.4053611171059139,0.4975295349803463,0.4906518392083657,0.4906518392083657,0.5591329753827686,0.5591354935278043,0.5586351784127089,0.0023862159266031,0.008647896932834,0.0,0.0,0.3632577062776532,3
0.0017911458800219,0.0038768650775397,0.5949082465499191,0.4049236565981274,0.4975278548820649,0.4906515454960141,0.4906515454960141,0.5594643374666061,0.5594668690376832,0.5589654283556498,0.0019085888579055,0.0081754286120396,0.0,0.0,0.3631330527543463,3
0.001791503925798,0.0019237383684599,0.5956592854721792,0.4041724493194146,0.497524972465277,0.49065104159608,0.49065104159608,0.5600333512775233,0.560035905903752,0.5595325324021109,0.0015842952361449,0.0078546376163881,0.0,0.0,0.3630485065126991,3
0.0017918841383997,0.0014527424571704,0.5964546977372911,0.4033768582421103,0.4975219245472777,0.4906505087634635,0.4906505087634635,0.5606359829824354,0.5606385620259364,0.5601331415118097,0.0015039048172819,0.0077751154772604,0.0,0.0,0.3630276681530985,3
0.0017925211007218,0.0013220632498106,0.5977822804341922,0.4020489723504007,0.4975168458359285,0.4906496209104907,0.4906496209104907,0.5616418049389558,0.5616444247360854,0.5611355876574358,0.0014776571038194,0.0077491512597421,0.0,0.0,0.3630210749500662,3
0.0017933544535874,0.0013221587578632,0.5995096942311545,0.4003211561021432,0.4975102576444046,0.4906484691723769,0.4906484691723769,0.5629505524823827,0.562953225307,0.562439942689657,0.0014715856458501,0.0077431453782929,0.0,0.0,0.3630198299374607,3
0.0017950211593186,0.0013061946330396,0.6029315176365427,0.3968985023213084,0.4974972637057946,0.490646197590822,0.490646197590822,0.5655430424804526,0.5655458203468957,0.5650237315891659,0.0014570498302666,0.0077287665609473,0.0,0.0,0.3630167084607478,3
0.0017983545707811,0.0012799870062378,0.6096379305016747,0.3901903384889415,0.497472047341442,0.4906417893024759,0.4906417893024759,0.5706240493583618,0.570627033095701,0.5700876852318966,0.0014300513872025,0.0077020597222973,0.0,0.0,0.3630109798904472,3
0.001805021393706,0.0012298750654705,0.622461073701073,0.3773633379836006,0.4974248369835137,0.4906335360559826,0.4906335360559826,0.5803392995304657,0.5803426769077481,0.5797703283932283,0.0013805547497507,0.0076530976874495,0.0,0.0,0.3630005817755524,3
0.0018183550395558,0.0011492085368469,0.6454416401230202,0.3543737796633628,0.4973444802111779,0.4906194882012615,0.4906194882012615,0.5977501595725364,0.5977542423984523,0.5971227528735904,0.0012993933987556,0.0075728129428629,0.0,0.0,0.3629839169551545,3
0.0018339800395558,0.0010790012146235,0.6671392398600231,0.3326641192644233,0.4972774367584565,0.4906077677618207,0.4906077677618207,0.6141890003202292,0.6141937492107572,0.6135064204195799,0.0012297546090979,0.0075039263068909,0.0,0.0,0.3629700084324883,3
0.0018496050395558,0.0010342303386822,0.6824049976810175,0.317384635333622,0.497241111527765,0.4906014174375279,0.4906014174375279,0.6257548585005374,0.6257600760134557,0.6250334604474377,0.001184684069493,0.007459342564553,0.0,0.0,0.3629612479422463,3
0.0018652300395558,0.0010102232643804,0.690652552349362,0.3091225098695857,0.497237538021082,0.4906007927222579,0.4906007927222579,0.6320034868814138,0.6320089575746083,0.6312611167391432,0.0011613084806247,0.0074362194504248,0.0,0.0,0.3629567694478399,3
0.0018808550395558,0.0010078261088624,0.6915646614555049,0.3081952517204441,0.4972662195667965,0.490605806788598,0.490605806788598,0.6326945318120938,0.6327000305048645,0.6319498423358791,0.0011588275558929,0.0074337653216308,0.0,0.0,0.3629563013821801,3
0.0018964800395558,0.0010250603356372,0.6851065631990857,0.3146384948968567,0.4973266844423816,0.4906163771706984,0.4906163771706984,0.6278016565702627,0.6278069570148052,0.6270733889085037,0.0011768170366305,0.0074515605018313,0.0,0.0,0.362959726088511,3
0.0019121050395558,0.0010644613250376,0.6715261484153647,0.3282046291769659,0.4974159820236457,0.4906319880447052,0.4906319880447052,0.6175126716910028,0.6175175552491706,0.6168189366490787,0.0012163996343831,0.0074907155764041,0.0,0.0,0.3629673856642048,3
0.0019277300395558,0.0011262939865777,0.6513455916737039,0.3483723156283629,0.4975313041850056,0.4906521484981654,0.4906521484981654,0.6022231944056944,0.6022274584688555,0.6015807749904102,0.0012791954979361,0.0075528331952539,0.0,0.0,0.3629798062084937,3
0.0019433550395558,0.00121543491442,0.6253401334069315,0.3743665213708899,0.497667599086895,0.4906759753757925,0.4906759753757925,0.5825205732550778,0.5825240390126334,0.5819442811724631,0.0013688911418363,0.0076415600556718,0.0,0.0,0.3629981033885283,3
0.0019589800395558,0.0013362776081903,0.5945094324920154,0.4051883036555788,0.4978202456468827,0.4907026608266392,0.4907026608266392,0.5591621838292469,0.5591647031577427,0.5586642888277303,0.0014910967832607,0.0077624457800777,0.0,0.0,0.3630239395314468,3
0.0019746050395558,0.0015015835929974,0.5600380116322019,0.439653198674285,0.4979827645029986,0.4907310721380168,0.4907310721380168,0.5330454608267208,0.5330469219647246,0.5326352206208289,0.0016576919721901,0.0079272416099718,0.0,0.0,0.3630606507534638,3
0.0019902300395558,0.0017290127308752,0.5232508688411234,0.4764367398395749,0.4981495200102879,0.4907602240946251,0.4907602240946251,0.5051742678006879,0.5051745996610462,0.5048575708669852,0.0018875057839217,0.0081545732518326,0.0,0.0,0.3631134158494249,3
0.0020058550395558,0.002068739772443,0.4855614328560072,0.5141253562929149,0.4983134973562606,0.4907888903770901,0.4907888903770901,0.4766194663209284,0.4766186412053741,0.4763986070345282,0.0022308497064309,0.0084942087900052,0.0,0.0,0.3631956531764741,3
0.0020214800395558,0.0026959012806607,0.4484183658952657,0.5512706956400211,0.4984689981410111,0.4908160747993818,0.4908160747993818,0.4484786115847768,0.448476646265495,0.4483522006282977,0.0028675840764466,0.0091240659281564,0.0,0.0,0.3633546217454071,3
0.0020234331645558,0.0028232102315711,0.4438850547748585,0.5558039635830179,0.498486355929018,0.4908191092627769,0.4908191092627769,0.4450440202214308,0.4450419157402823,0.4449291366837622,0.0030007597046018,0.0092558031548106,0.0,0.0,0.3633885086787992,3
0.0020273394145558,0.0031805261070867,0.4349237304359188,0.5647669253399863,0.4985237773335953,0.490825651218603,0.490825651218603,0.4382546144181968,0.4382522348456953,0.438162517965188,0.0033670400477961,0.0096181273822899,0.0,0.0,0.3634824013523068,3
0.0020283159770558,0.0032994536755118,0.4327063119629031,0.5669841174283052,0.4985315326115986,0.4908270069850873,0.4908270069850873,0.4365746222182571,0.4365721745762749,0.436488164274066,0.00349373174315,0.0097434507077154,0.0,0.0,0.363515051596022,3
0.0020302691020558,0.0036271073704064,0.4283036721822633,0.5713879012763328,0.4985502275832285,0.4908302752129893,0.4908302752129893,0.4332390311671286,0.4332364483745483,0.4331637683698878,0.0038377618670605,0.0100837650357746,0.0,0.0,0.3636040322431438,3
0.0020307573833058,0.0037337797176138,0.427209052404415,0.572482230236113,0.4985535928457314,0.4908308635233129,0.4908308635233129,0.432409709532512,0.4324070931376965,0.4323372301632833,0.003954420879943,0.0101991640395882,0.0,0.0,0.3636342837093733,3
0.0020317339458058,0.0040187829217749,0.4250293707824205,0.5746626589970583,0.4985631310609792,0.4908325309803076,0.4908325309803076,0.4307583074009898,0.4307556240950984,0.4306913705845659,0.0042665271195299,0.0105078992863765,0.0,0.0,0.3637153652995092,3
0.0020319780864308,0.0041093270027306,0.4244857616650818,0.5752060218403592,0.4985645620790904,0.4908327811488241,0.4908327811488241,0.4303464502558143,0.4303437502624038,0.4302808957435136,0.0043697048976364,0.0106099626633501,0.0,0.0,0.363742204589175,3
0.0020324663676808,0.004338875165402,0.4234016030427225,0.5762906184872498,0.4985694220082126,0.4908336307546044,0.4908336307546044,0.4295250538207275,0.4295223205461929,0.4294622561373228,0.0046358449581476,0.0108732282019401,0.0,0.0,0.3638114974291067,3
0.0020325884379933,0.0044088867197485,0.4231307582322393,0.5765613203765207,0.4985700860595483,0.4908337468430986,0.4908337468430986,0.4293198522695482,0.4293171106807113,0.4292577432981243,0.0047204081796782,0.0109568780741855,0.0,0.0,0.3638335290252513,3
0.0020328325786183,0.004576334403183,0.4225901071259657,0.5771021829677339,0.4985724869093819,0.4908341665561941,0.4908341665561941,0.4289102358437577,0.4289074776581905,0.4288495016559958,0.0049284606650295,0.0111626834291021,0.0,0.0,0.3638877585663796,3
0.0020333208598683,0.0051833775034694,0.4215106488624617,0.5781817255919792,0.4985765324353108,0.490834873789186,0.490834873789186,0.4280923985390884,0.4280896072166051,0.4280344092348169,0.0057667630188562,0.0119919314583449,0.0,0.0,0.3641064814544234,3
0.0020334429301808,0.0054524111831252,0.4212413493972709,0.5784511528432368,0.4985777682397976,0.4908350898307391,0.4908350898307391,0.4278883663110678,0.4278855667216605,0.4278310617942119,0.0062710844644186,0.012490805835744,0.0,0.0,0.3642381397729686,3
0.0020336870708058,0.0138152636882588,0.4207031927353568,0.5789894528205539,0.4985797637341664,0.4908354386801786,0.4908354386801786,0.4274805571143517,0.4274777410014389,0.4274246213156075,0.0298710690451918,0.0358358920262252,0.0,0.0,0.3704015383010263,3
0.0020339196085782,0.1173865536986335,0.4201926529941477,0.5795014785936614,0.4985819118087247,0.4908358142034661,0.4908358142034661,0.4270927414458539,0.4270899096195282,0.4270381072615258,0.3166907300892366,0.31955767520285,0.0,0.0,0.4453088727961621,3
0.0020341509921333,0.437110272163735,0.419686641602853,0.5800102889836816,0.4985838338694721,0.4908361502153462,0.4908361502153462,0.4267072879383758,0.4267044404943467,0.4266539474404118,0.9059811966882786,0.902483341399738,0.0,0.0,0.5992111842480239,3
0.0020343097022438,0.6782248298502944,0.4193382953080758,0.580358900196603,0.4985852408494602,0.4908363961815528,0.4908363961815528,0.4264432267639462,0.426440368620756,0.4263907725267996,0.946216847264956,0.9422844153126364,0.0,0.0,0.609719284263293,3
0.0020344884523789,0.8279550747740483,0.4189462062149979,0.5807511470307227,0.4985867314741696,0.4908366567704086,0.4908366567704086,0.4261460813700952,0.4261432111872463,0.4260946244333666,0.9703720924889716,0.966178764894808,0.0,0.0,0.6160277265869172,3
0.0020346806586441,0.9109447263164736,0.4185250512308775,0.5811724670911518,0.4985884401813751,0.490836955484131,0.490836955484131,0.4258269499889658,0.4258240668756359,0.4257765641435831,0.9845300906401612,0.9801838455334396,0.0,0.0,0.6197252259289214,3
0.0020349842011046,0.9736326364710488,0.4178607993331585,0.5818368728134404,0.4985910228643129,0.4908374069850269,0.4908374069850269,0.4253236543460981,0.4253207508403681,0.4252749576972012,0.9946579615090296,0.9902023274333144,0.0,0.0,0.6223701466342191,3
0.0020353073292145,0.9926088423733512,0.417154974209217,0.5825428395287333,0.4985937909802342,0.4908378909030488,0.4908378909030488,0.4247888861479799,0.4247859609746531,0.4247419843259878,0.9977844733622816,0.9932950705001546,0.0,0.0,0.6231865448593144,3
0.0020359535854343,0.9933472776413224,0.415747395642125,0.5839506778606958,0.498599305578014,0.490838854957057,0.490838854957057,0.4237224562404127,0.4237194878577603,0.4236791336460131,0.997911318110716,0.9934205452255672,0.0,0.0,0.6232193947744857,3
0.0020369093098308,0.9933045118177992,0.4136759636417945,0.5860225008740778,0.4986073969258968,0.4908402694747914,0.4908402694747914,0.4221530688109989,0.4221500368403207,0.4221150135058518,0.9979114780418936,0.9934207034293624,0.0,0.0,0.6232190280596297,3
0.0020385854671388,0.9933350286896748,0.4100732432957183,0.5896259342760473,0.498621411107861,0.4908427194138139,0.4908427194138139,0.4194235251182608,0.4194203825526514,0.4193946309009926,0.9979293293780548,0.9934383619570566,0.0,0.0,0.623222979763723,3
0.002041937781755,0.9933553086439308,0.4029887817310975,0.5967119189427303,0.4986487308925245,0.4908474954190566,0.4908474954190566,0.4140560956695307,0.4140527356278311,0.4140452159991608,0.9979566482879264,0.9934653858012203,0.0,0.0,0.6232287174782822,3
0.0020486424109872,0.9934146268337904,0.389347376057319,0.610356748421701,0.4987003710785189,0.4908565230816857,0.4908565230816857,0.4037209019639577,0.4037171231636063,0.4037447100027585,0.9980106313698428,0.993518785823405,0.0,0.0,0.6232401259380642,3
0.0020620516694518,0.9934965342209215,0.3645061688937354,0.6352061864403602,0.4987903704111942,0.4908722566348594,0.4908722566348594,0.3849003571103437,0.3848958157441215,0.3849873319948674,0.9980971875052548,0.9936044070844948,0.0,0.0,0.6232578327750384,3
0.0020776766694518,0.9935781186986008,0.340436980534639,0.65928663206858,0.4988692519111009,0.4908860465845879,0.4908860465845879,0.3666647200280579,0.3666594397951037,0.3668128986494127,0.9981744285477098,0.993680813862956,0.0,0.0,0.6232732590709538,3
0.0020933016694518,0.9936253694579028,0.3224914133206276,0.6772453341698892,0.4989183535104229,0.4908946304551664,0.4908946304551664,0.3530685469657429,0.3530627158466359,0.3532623580261652,0.998225541742125,0.993731374994681,0.0,0.0,0.6232830692403784,3
0.0021089266694518,0.99366060500098,0.3113587779883185,0.688392149893891,0.4989350808324513,0.490897554701411,0.490897554701411,0.3446340831902972,0.3446279103258122,0.3448562025954673,0.99825691405947,0.9937624084663306,0.0,0.0,0.6232890672716354,3
0.0021245516694518,0.9936670576451804,0.3074672191980965,0.6922987133635181,0.4989194945445474,0.4908948299291019,0.4908948299291019,0.3416857056845915,0.3416794133585246,0.341917720643184,0.9982665296150468,0.9937719201663462,0.0,0.0,0.6232908111144477,3
0.0021401766694518,0.9936620275584792,0.3109659636373668,0.6888148975354584,0.4988714940620498,0.4908864385541741,0.4908864385541741,0.3443364736563976,0.344330288733448,0.3445595919197655,0.9982579891027156,0.9937634718982638,0.0,0.0,0.623289270573554,3
0.0021550204194518,0.9936331990956652,0.3210157587429009,0.6787786699635259,0.4987978501255155,0.4908735642276992,0.4908735642276992,0.3519505407858174,0.3519446643676308,0.3521481041777706,0.998230195293834,0.9937359782843724,0.0,0.0,0.623283993591166,3
0.0021706454194518,0.993584045739453,0.338284948277773,0.6615228377735041,0.4986937891756939,0.4908553724429532,0.4908553724429532,0.3650342670781457,0.365028920782929,0.3651879179411781,0.9981805880166572,0.9936869068047957,0.0,0.0,0.6232744433348572,3
0.0021862704194518,0.9935116819614572,0.3617607467279633,0.6380593259254097,0.4985670284680878,0.4908332123193816,0.4908332123193816,0.3828203317422479,0.3828157060981066,0.3829142877552431,0.9981074526868738,0.9936145613940808,0.0,0.0,0.623259972294318,3
0.0022018954194518,0.9934118641156864,0.3905399370264228,0.6092898240210771,0.4984204759167037,0.4908075922143053,0.4908075922143053,0.4046244267819916,0.4046206845904205,0.4046452023468003,0.9980067889775404,0.9935149849319608,0.0,0.0,0.6232393576085797,3
0.0022175204194518,0.993277567054224,0.4235177204477076,0.576319927884565,0.4982622995835273,0.4907799400565074,0.4907799400565074,0.4296095190836171,0.4296067892314237,0.4295464379119144,0.9978712264187326,0.9933808865553816,0.0,0.0,0.6232104564995764,3
0.0022331454194518,0.993097738985906,0.4594256143929153,0.5404166521346716,0.4980960560516303,0.4907508776026967,0.4907508776026967,0.4568145630688699,0.4568129355034709,0.4566601744015729,0.9976898534662902,0.9932014725734404,0.0,0.0,0.6231701691041658,3
0.0022487704194518,0.992848388338716,0.4968848550061989,0.5029597395236751,0.4979306420301506,0.4907219601626974,0.4907219601626974,0.4851949603721299,0.4851944827161811,0.4849453194051809,0.9974379825287912,0.992952322040114,0.0,0.0,0.6231117759819484,3
0.0022643954194518,0.9924693898056492,0.5344547524194015,0.4653886381971376,0.4977699201332912,0.4906938629931381,0.4906938629931381,0.5136591954998913,0.5136598711503114,0.5133140208508453,0.9970546939003628,0.9925731732302552,0.0,0.0,0.6230190828981004,3
0.0022800204194518,0.9917077832553038,0.5706926589933776,0.4291471845089211,0.4976225471596316,0.4906680994630262,0.4906680994630262,0.5411142703863241,0.5411160584542247,0.5406769490702632,0.9962804763619167,0.9918073178499964,0.0,0.0,0.6228240299556593,3
0.0022819735444518,0.9915351523693176,0.5750585347929559,0.424780786519541,0.4976055375536532,0.4906651258683098,0.4906651258683098,0.5444220072254558,0.544423929315365,0.5439735842487239,0.9960971808767356,0.9916260021001818,0.0,0.0,0.6227770204206313,3
0.0022858797944518,0.9909565841121548,0.5836511407263014,0.416186500084961,0.4975712999029262,0.4906591404917271,0.4906591404917271,0.5509320602332806,0.5509342460957999,0.5504617877555278,0.995497151007016,0.9910324530248624,0.0,0.0,0.6226220076959073,3
0.0022868563569518,0.9907158169823698,0.5857687576930103,0.4140686747069944,0.4975634489293856,0.4906577679958875,0.4906577679958875,0.5525364399208227,0.552538690789175,0.5520607827103221,0.9952267754646652,0.9907649977509672,0.0,0.0,0.6225518124902103,3
0.0022888094819518,0.9891335523155628,0.5899642436254235,0.4098721585017456,0.4975467362154089,0.4906548463034014,0.4906548463034014,0.5557150894195784,0.5557174690796124,0.555228763800482,0.9933945650799586,0.988952576679094,0.0,0.0,0.6220741294692202,3
0.002288870517108,0.9890423920739214,0.5900946103734084,0.4097418789734779,0.4975464805696337,0.4906548016117767,0.4906548016117767,0.5558138603359447,0.5558162439979526,0.5553272032149027,0.9932167406535412,0.9887766728963064,0.0,0.0,0.6220277135504251,3
0.0022889925874205,0.9886735784844188,0.5903549179466078,0.4094814792625776,0.4975453995559609,0.4906546126305299,0.4906546126305299,0.5560110818219538,0.5560134734749298,0.555523762772191,0.9921968457738916,0.987767793683307,0.0,0.0,0.621761403402102,3
0.0022892367280455,0.9730683494982674,0.59087478696191,0.4089613193672719,0.497543438957281,0.4906542698815043,0.4906542698815043,0.5564051089904244,0.5564075166084892,0.5559164674787692,0.9478460051260972,0.94389597698786,0.0,0.0,0.6101785910363726,3
0.0022892977632018,0.9632712383100632,0.5910045179225374,0.4088314130744222,0.4975428951527463,0.490654174814382,0.490654174814382,0.5565034953860948,0.5565059069905537,0.5560145236630497,0.9201647378051774,0.9165136891199648,0.0,0.0,0.6029492212220511,3
0.0022894198335143,0.9192888105255428,0.5912635519028465,0.4085717614409508,0.4975419091298541,0.4906540024392861,0.4906540024392861,0.5567001813256814,0.5567026008994094,0.5562105494713544,0.7976180511472154,0.7952906030371567,0.0,0.0,0.570944290660488,3
0.0022896639741393,0.6006120037290553,0.5917788256990744,0.4080531041206975,0.49753985151504,0.4906536427300402,0.4906536427300402,0.5570930321844068,0.5570954676755622,0.5566020818162014,0.1008203694154057,0.1060188841645495,0.0,0.0,0.388964792327608,3
0.0022897860849286,0.3902568968452084,0.5920377288167942,0.4077940138081059,0.4975389240696635,0.4906534805953808,0.4906534805953808,0.5572893117184714,0.5572917551624291,0.556797702582991,0.0652387457051398,0.0708215699684142,0.0,0.0,0.3796721464955557,3
0.0022899026536591,0.2588993532920458,0.5922846971860666,0.4075468849600627,0.4975379462756812,0.490653309658851,0.490653309658851,0.5574764967156933,0.5574789477439633,0.5569842593366667,0.0444782143785933,0.0502852687043337,0.0,0.0,0.374250258120814,3
0.0022900441901595,0.1538045616210766,0.5925843455014411,0.407247090456357,0.4975367924033751,0.4906531079405633,0.4906531079405633,0.5577035836355646,0.5577060438648825,0.5572105840913327,0.0266042400842837,0.0326043473868236,0.0,0.0,0.3695822495971884,3
0.0022901860764657,0.0908739292711575,0.5928844763306109,0.4069468494825477,0.4975356404543305,0.4906529065584973,0.4906529065584973,0.557931009593937,0.55793347903804,0.5574372467465948,0.0162392798072777,0.0223513368308442,0.0,0.0,0.3668753374850032,3
0.0022903153574443,0.0565187804402503,0.5931577012071505,0.4066735397418972,0.4975345880821509,0.4906527225843149,0.4906527225843149,0.5581380340509738,0.5581405118832392,0.557643576373485,0.0105826848390016,0.0167558375360424,0.0,0.0,0.3653980832213696,3
0.0022904304641056,0.0369943510162572,0.593400770701927,0.4064304028171859,0.4975336518634767,0.4906525589159203,0.4906525589159203,0.5583222031399726,0.5583246884343523,0.5578271273411423,0.0073669322114725,0.0135748175654576,0.0,0.0,0.3645582871192168,3
0.0022905529279179,0.0239232102594459,0.5936591670940221,0.4061719404950285,0.4975326571885734,0.4906523850282924,0.4906523850282924,0.5585179806540224,0.5585204738808639,0.5580222477728323,0.0052137860788259,0.0114449271040763,0.0,0.0,0.3639960103256621,3
0.002290679334879,0.0157656301636616,0.5939256543846347,0.405905389116332,0.4975316319440139,0.4906522057965213,0.4906522057965213,0.5587198852499888,0.5587223866575475,0.5582234747222926,0.0038696506515514,0.0101153093963187,0.0,0.0,0.3636450209116784,3
0.002290838430085,0.0094998037691435,0.5942607192696606,0.405570246305819,0.497530343364077,0.4906519805288403,0.4906519805288403,0.5589737454673414,0.5589762571607413,0.5584764829160023,0.0028367523666675,0.0090935672250861,0.0,0.0,0.3633753294629726,3
0.0022909993924298,0.0059227352308068,0.5945993342908517,0.405231554328257,0.4975290420072782,0.4906517530275269,0.4906517530275269,0.5592302938246287,0.5592328159127873,0.5587321702275213,0.0022465563937924,0.0085097458327929,0.0,0.0,0.3632212573390168,3
0.0022913000845448,0.0027683320112595,0.5952308597086767,0.4045998869492911,0.4975266167096781,0.4906513290405082,0.4906513290405082,0.559708760831698,0.5597113023062565,0.5592090313697309,0.001724901475349,0.0079937251976493,0.0,0.0,0.3630851435436769,3
0.0022916188966852,0.0017441174171132,0.5958989546916121,0.4039316423474481,0.4975240543610084,0.4906508810944195,0.4906508810944195,0.5602149329479379,0.5602174949314448,0.5597135046352615,0.0015538648045133,0.0078245358573459,0.0,0.0,0.363040606392517,3
0.0022921328661507,0.0013540293216418,0.5969727639890606,0.4028575900777805,0.4975199415372331,0.4906501620965154,0.4906501620965154,0.5610284876821842,0.5610310826290871,0.5605243288594834,0.0014858001219834,0.007757206326907,0.0,0.0,0.3630230419910026,3
0.0022927474480118,0.0013255409474871,0.5982514515251295,0.4015786090968957,0.4975150555882419,0.4906493079419793,0.4906493079419793,0.5619972649395341,0.5619998991390983,0.5614898546379824,0.0014765723564569,0.007748078228504,0.0,0.0,0.3630208841712037,3
0.0022939766117339,0.0013159193329241,0.6007911274172721,0.3990383321396657,0.4975053813146086,0.4906476166994545,0.4906476166994545,0.5639214099245948,0.5639241220861578,0.5634075416713544,0.0014660716610523,0.0077376909488665,0.0,0.0,0.3630186425709542,3
0.0022961551490643,0.0012971602372522,0.6052327912019018,0.3945955639454234,0.4974885760852494,0.4906446788335631,0.4906446788335631,0.5672865657396089,0.5672894142496674,0.5667614031120635,0.0014476874144874,0.0077195052666202,0.0,0.0,0.3630147171274115,3
0.0023005122237251,0.0012630386928759,0.613875740421483,0.3859502467840796,0.4974562913412601,0.4906390348613118,0.4906390348613118,0.5738347585369966,0.5738378723650032,0.5732876184009671,0.0014133295363821,0.0076855184806143,0.0,0.0,0.3630074484078371,3
0.0023092263730467,0.0012020908757069,0.6301108185817743,0.3697098498058361,0.4973974066624005,0.4906287407269176,0.4906287407269176,0.5861350068732041,0.5861386190794274,0.5855465837724649,0.0013525953186081,0.0076254402401479,0.0,0.0,0.3629947882519057,3
0.0023248513730467,0.0011168757005898,0.655194531525328,0.3446149285102707,0.4973128004479155,0.490613949990866,0.490613949990866,0.6051392823602929,0.6051436645767364,0.6044870757640648,0.0012672535420106,0.0075410202218424,0.0,0.0,0.3629774463854944,3
0.0023404763730467,0.001057549591312,0.6743058913391147,0.325490920785616,0.4972586397299419,0.4906044816924817,0.4906044816924817,0.6196186996268686,0.6196236685165206,0.6189178961848133,0.0012082044211883,0.0074826088779558,0.0,0.0,0.3629657935175204,3
0.0023561013730467,0.0010217351588982,0.6867097528033618,0.3130727515238638,0.4972354772406691,0.4906004324596065,0.4906004324596065,0.6290162876288027,0.629021637287446,0.6282839433362511,0.0011724114147246,0.0074472024641061,0.0,0.0,0.3629588916381868,3
0.0023717263730467,0.0010067162265893,0.6919301430772827,0.3078376440055533,0.4972457232561642,0.4906022236532168,0.4906022236532168,0.6329714331394061,0.6329769430515916,0.6322258143073434,0.0011577842399763,0.0074327332743466,0.0,0.0,0.3629561009763745,3
0.0023873513730467,0.0010125080735508,0.6897657469391274,0.3099867804767313,0.4972874723152314,0.4906095221633418,0.4906095221633418,0.6313316128925232,0.6313370563629046,0.6305914977413238,0.0011637843638673,0.0074386685921816,0.0,0.0,0.362957241186688,3
0.0024029763730467,0.0010387450034941,0.6803004337759738,0.3194375708280599,0.4973606233639427,0.4906223103238803,0.4906223103238803,0.6241603691914718,0.624165522099293,0.623444322676331,0.0011905865913186,0.0074651813345016,0.0,0.0,0.362962374461085,3
0.0024186013730467,0.0010872283051107,0.6638972594416007,0.3358268264864019,0.4974608702465666,0.4906398353389151,0.4906398353389151,0.6117327655107158,0.61173741488017,0.6110584293993128,0.001239524925113,0.0075135910958105,0.0,0.0,0.3629719207893185,3
0.0024342263730467,0.0011598427861379,0.6411872739385348,0.3585247175480077,0.4975858472643191,0.4906616836404062,0.4906616836404062,0.5945269068150469,0.594530859042058,0.593910318225313,0.0013129705451642,0.0075862434454144,0.0,0.0,0.3629866238842095,3
0.0024498513730467,0.0012613211202127,0.6130425260894012,0.3866589767885036,0.4977292731212186,0.4906867571412747,0.4906867571412747,0.5732034869758622,0.5732065752261742,0.57265846555816,0.0014152871651961,0.0076874549654978,0.0,0.0,0.3630077953645279,3
0.0024654763730467,0.0013993431328052,0.5805452804510454,0.4191484204031526,0.4978871063750136,0.4907143493224313,0.4907143493224313,0.5485824664504454,0.5485845571127438,0.5481200798457715,0.0015546700021977,0.0078253323582621,0.0,0.0,0.3630377889602144,3
0.0024811013730467,0.0015867222716182,0.5449437123354985,0.4547444972941321,0.4980518193804157,0.4907431442118138,0.4907431442118138,0.5216095053191442,0.52161050309812,0.5212376472771514,0.0017436671276331,0.0080122881661332,0.0,0.0,0.3630801279345158,3
0.0024967263730467,0.0018518434248705,0.5076066403607539,0.4920792701890324,0.4982185364462612,0.4907722894481446,0.4907722894481446,0.4933216670803328,0.4933215187001423,0.4930447506847039,0.0020115932554957,0.0082773204811429,0.0,0.0,0.3631427382119883,3
0.0025123513730467,0.0022719120622219,0.4699682394081817,0.5297179847030844,0.4983794046222325,0.4908004121900066,0.4908004121900066,0.4648055311904101,0.4648042274009492,0.4646243226698923,0.0024367016373003,0.0086978373581585,0.0,0.0,0.3632463396689391,3
0.0025279763730467,0.0032648374676625,0.4334755969677251,0.5662142061455475,0.4985296799781205,0.4908266831103821,0.4908266831103821,0.4371574588965002,0.4371550348697408,0.4370690447945665,0.0034485718634585,0.0096987785902341,0.0,0.0,0.3635034090898394,3
0.0025299294980467,0.003553383460728,0.4290646286664365,0.5706251981634409,0.4985460116528162,0.4908295381901321,0.4908295381901321,0.4338155579739392,0.4338129985409199,0.4337383601965932,0.0037644542121096,0.0100112491611394,0.0,0.0,0.363585036863356,3
0.0025304177792967,0.0036556866711826,0.4279691342392619,0.5717214011263696,0.498551558831946,0.4908305079399647,0.4908305079399647,0.4329855737112104,0.4329829806491077,0.4329111615858359,0.0038709226139005,0.0101165676204742,0.0,0.0,0.3636126267198215,3
0.0025313943417967,0.0039072315233544,0.4257847375326375,0.573905663756338,0.4985592208352876,0.4908318474003075,0.4908318474003075,0.4313305994123052,0.4313279392943905,0.4312617418288968,0.0041430329371833,0.0103857389383035,0.0,0.0,0.3636832618217915,3
0.0025333474667967,0.0054845557559454,0.4214511017991849,0.5782404667254395,0.4985773559258688,0.4908350177506144,0.4908350177506144,0.4280472829278987,0.428044489777433,0.4279894450438371,0.0059728393571258,0.012195782010122,0.0,0.0,0.3641602897668887,3
0.0025334022549189,0.0055651002091184,0.4213299280072872,0.5783613969979216,0.4985772593822095,0.4908350008729915,0.4908350008729915,0.4279554769904705,0.427952680120236,0.4278979472319988,0.0061273621056093,0.0123486357914197,0.0,0.0,0.3642006219013107,3
0.0025335118311632,0.0058561959643526,0.4210882956895567,0.5786031460354675,0.4985783688077787,0.490835194821165,0.490835194821165,0.4277724053258601,0.4277696010379762,0.4277154900054764,0.006917476934055,0.0131302167584458,0.0,0.0,0.3644069250823759,3
0.0025336683030886,0.0076302336763131,0.4207433720905495,0.5789480986370674,0.498579608766676,0.4908354115889861,0.4908354115889861,0.4275110601529827,0.4275082452759841,0.4274550219777797,0.0123821469232358,0.0185358640148383,0.0,0.0,0.3658340410005864,3
0.0025338272326635,0.0160598578663656,0.4203935374672728,0.5792981567710422,0.4985810909367578,0.4908356706998161,0.4908356706998161,0.4272459256721603,0.4272431000525127,0.4271907773600817,0.0372484669853793,0.0431336082677633,0.0,0.0,0.372328199959105,3
0.0025340039226229,0.0615021941496059,0.4200053585571243,0.579686962507066,0.4985825459297248,0.4908359250595823,0.4908359250595823,0.4269513774461702,0.4269485398920952,0.4268972177177108,0.1648018511876259,0.1693093156245791,0.0,0.0,0.4056406823316971,3
0.0025341965386913,0.3258640187398979,0.4195854470113528,0.5801103659033899,0.4985843365278279,0.4908362380893529,0.4908362380893529,0.4266306918063175,0.4266278412587865,0.4265776083857173,0.8855073912235557,0.8822306691327191,0.0,0.0,0.5938641101540938,3
0.0025343283643915,0.5749265458926711,0.4192961343290503,0.5803998711491789,0.4985853392135611,0.4908364133774226,0.4908364133774226,0.4264113435347311,0.4264084840997046,0.4263589963063367,0.9294146890421716,0.9256637336103032,0.0,0.0,0.6053311298463393,3
0.0025344473641027,0.7185248023218543,0.4190351636222609,0.5806610194803461,0.4985864312764674,0.4908366042902805,0.4908366042902805,0.4262135462244443,0.4262106787751186,0.4261618628573929,0.9512126249435284,0.9472262346640684,0.0,0.0,0.6110239498708654,3
0.002534594895789,0.8345419353884675,0.4187117979884351,0.5809845315307163,0.4985876887815532,0.4908368241255009,0.4908368241255009,0.4259684808452562,0.4259656034664362,0.4259176199839888,0.9717502747334962,0.9675420616874182,0.0,0.0,0.6163876141850491,3
0.0025348410382793,0.9354222552628338,0.4181728379158099,0.5815236601599774,0.4985897960398331,0.4908371925133457,0.4908371925133457,0.4255600876330177,0.4255571937070292,0.4255105974499762,0.9883661580353028,0.9839784803843892,0.0,0.0,0.6207270054001792,3
0.0025351863145907,0.98638253662692,0.417418066668573,0.582278606922362,0.4985927600742532,0.4908377106815562,0.4908377106815562,0.4249882175806547,0.4249853004837863,0.4249406467483894,0.9967583318262212,0.9922800120995456,0.0,0.0,0.6229186038482599,3
0.002535562015119,0.9997910382642065,0.4165985174928159,0.5830983158201211,0.4985959733439431,0.490838272420716,0.490838272420716,0.424367291403158,0.4243643491477666,0.4243218045673106,0.9989691413485589,0.9944669431406682,0.0,0.0,0.6234958296783351,3
0.0025360872278862,0.9975909316793842,0.4154559193330324,0.5842411236582878,0.4986004458937971,0.4908390543054129,0.4908390543054129,0.4235016213899825,0.4234986440596019,0.42345903997715,0.9986109920306504,0.9941126621170084,0.0,0.0,0.6234020680702641,3
0.0025369888675039,0.992362277843996,0.4135029981479648,0.5861944109128394,0.4986080716712977,0.4908403874328065,0.4908403874328065,0.422022024807943,0.4220189875276585,0.4219844093219609,0.997757042581491,0.9932679359933656,0.0,0.0,0.6231786607180136,3
0.0025387921467395,0.9938251230023608,0.4096306448275925,0.5900675359353071,0.4986231284021154,0.4908430196287118,0.4908430196287118,0.4190881971553076,0.4190850410029683,0.4190604283895004,0.9980114705370398,0.9935196159269364,0.0,0.0,0.623244344930824,3
0.0025423987052106,0.9930047572045814,0.402026774080124,0.5976730582237917,0.4986524162448407,0.4908481396870184,0.4908481396870184,0.4133272461029695,0.4133238565299355,0.4133188126491404,0.9979022267556,0.9934115520642351,0.0,0.0,0.6232143147384315,3
0.0025496118221528,0.9937239734241152,0.3874365147135427,0.6122670581405987,0.4987074954404074,0.4908577685523272,0.4908577685523272,0.402273168132329,0.4022693306730802,0.4023018351579606,0.9980674179114952,0.993574959025756,0.0,0.0,0.6232545798114539,3
0.0025640380560373,0.9932285559698252,0.3611354107437747,0.6385772185845355,0.4988020773102568,0.4908743032180219,0.4908743032180219,0.3823465560628781,0.382341911222419,0.3824421021953667,0.9980624761650232,0.9935700706540316,0.0,0.0,0.6232481026576668,3
0.0025796630560373,0.9938454427759512,0.3377978959928391,0.6619261669299972,0.4988771260376223,0.4908874231279982,0.4908874231279982,0.364665259523016,0.3646598982764487,0.3648201488753423,0.998224980288552,0.993730819605248,0.0,0.0,0.6232859410241549,3
0.0025952880560373,0.993389378038328,0.320685511899104,0.679051935904093,0.4989223823322168,0.4908953347679657,0.4908953347679657,0.3517003346686115,0.3516944481126395,0.3518987378200577,0.9981909513159786,0.9936971581723356,0.0,0.0,0.6232736792890821,3
0.0026109130560373,0.9938870401134384,0.3104552851493075,0.6892963918093888,0.4989348214194415,0.4908975093512038,0.4908975093512038,0.3439495661071501,0.3439433655075826,0.34417398293704,0.9982961569125202,0.9938012274657108,0.0,0.0,0.6232991379882853,3
0.0026265380560373,0.9934588852938536,0.3075009452869118,0.6922658459506024,0.4989152437473394,0.4908940868108818,0.4908940868108818,0.3417112578392251,0.3417049665484737,0.3419431870378663,0.9982322371476914,0.9937379980846028,0.0,0.0,0.6232818617516178,3
0.0026421630560373,0.9938528697709874,0.3119354396340119,0.6878461838703755,0.4988631302962303,0.4908849764127298,0.4908849764127298,0.3450709815851591,0.3450648264228079,0.3452916346409903,0.9982871710454084,0.9937923386530296,0.0,0.0,0.6232970830730258,3
0.0026577880560373,0.9934445969475774,0.3235889343846018,0.6762072507038766,0.4987817480989798,0.4908707492947083,0.4908707492947083,0.3539000664157728,0.3538942689879514,0.3540910866717192,0.9981931599939036,0.9936993429948024,0.0,0.0,0.6232748286705228,3
0.0026734130560373,0.9937416732845716,0.342013012254095,0.6577963241255049,0.4986729672938259,0.4908517323916794,0.4908517323916794,0.367858775252088,0.3678535433995483,0.3680029463007233,0.9981972146268198,0.9937033538344948,0.0,0.0,0.6232795208026427,3
0.0026890380560373,0.9933394382453724,0.3665002212979867,0.6333209257187009,0.4985422186513468,0.4908288751031009,0.4908288751031009,0.386411119232204,0.3864066390786428,0.3864930235898849,0.9980659781147672,0.9935735347799646,0.0,0.0,0.6232500751793975,3
0.0027046630560373,0.9935365343595334,0.3961089580111609,0.6037216313182763,0.498393283304313,0.4908028384411354,0.4908028384411354,0.4088437067304881,0.4088401354945887,0.4088503212490762,0.9980096275703192,0.9935177928657052,0.0,0.0,0.6232411971542762,3
0.0027202880560373,0.993114229857572,0.4297019440315777,0.5701359252085625,0.4982331213567001,0.4907748391610935,0.4907748391610935,0.4342948976614134,0.434292357650153,0.4342160910902559,0.9978206715467792,0.9933308777157972,0.0,0.0,0.6231984728249058,3
0.0027359130560373,0.993185378872925,0.4659876520890445,0.5338544872402777,0.4980666579751585,0.4907457382734859,0.4907457382734859,0.4617861863691644,0.4617847602426866,0.4616151115876,0.997672106807066,0.99318391759209,0.0,0.0,0.6231668283111731,3
0.0027515380560373,0.9926766943973644,0.5035722052914866,0.4962715927276769,0.4979015132445794,0.4907168679105324,0.4907168679105324,0.4902615249587999,0.4902612525885782,0.4899948792289133,0.9973633061838468,0.9928784522584136,0.0,0.0,0.6230935918236356,3
0.0027671630560373,0.9924864271599194,0.5410106884937154,0.4588315312301491,0.4977428173437248,0.4906891249226645,0.4906891249226645,0.5186261962054768,0.518627073107521,0.5182643509568432,0.996979837374021,0.992499125213258,0.0,0.0,0.6230008257679094,3
0.0027827880560373,0.9913359637116472,0.5768649164978022,0.422973103314416,0.4975978784146004,0.4906637869086979,0.4906637869086979,0.5457905839131667,0.5457925614547051,0.5453375676224174,0.995986977214485,0.9915169887241372,0.0,0.0,0.6227485952284826,3
0.0027847411810373,0.9912366745171468,0.5811659024961855,0.4186716706305377,0.4975815787199833,0.4906609374196589,0.4906609374196589,0.5490491582700318,0.5490512678416261,0.5485852053212166,0.9957354625196504,0.9912681905857744,0.0,0.0,0.6226837563849603,3
0.0027886474310373,0.9894466024134602,0.5896173204206655,0.4102183131665889,0.4975479226070427,0.490655053706671,0.490655053706671,0.5554522468238235,0.5554546158340705,0.5549668033756645,0.9938929590612648,0.9894455876135116,0.0,0.0,0.6222042244305872,3
0.0027887695013498,0.989345072905801,0.5898783031219234,0.4099575258294266,0.4975474537155855,0.4906549717357446,0.4906549717357446,0.5556499770452361,0.555652354067064,0.5551638699609025,0.9936555430967416,0.9892107359280872,0.0,0.0,0.6221422710079545,3
0.0027890136419748,0.9877119818857982,0.5903989712877327,0.4094365873219591,0.4975451272218754,0.4906545650214789,0.4906545650214789,0.5560444682626373,0.5560468612683563,0.5555570371589375,0.9893299462760212,0.9849318589542752,0.0,0.0,0.6210126764988395,3
0.0027890746771311,0.986741339668394,0.5905291133132784,0.4093064856768145,0.497544797191837,0.4906545073261049,0.4906545073261049,0.556143077927203,0.5561454749283624,0.5556553158627623,0.9866032340273544,0.9822345973419254,0.0,0.0,0.6203005786622728,3
0.0027891967474436,0.9820910484046264,0.5907890045460196,0.4090464425004447,0.497543716482435,0.4906543183980503,0.4906543183980503,0.5563400284479202,0.5563424334290688,0.5558516053641915,0.9729972418805082,0.968775560608744,0.0,0.0,0.6167472125107523,3
0.002789388130845,0.9437038329193298,0.5911957081017226,0.4086391744626856,0.4975421928800942,0.4906540520440927,0.4906540520440927,0.5566485420225803,0.5566509595040006,0.5561590834837399,0.8651299509401732,0.8620733212273095,0.0,0.0,0.5885760645823079,3
0.002789433030037,0.9251593734044058,0.5912908968013172,0.4085437044374149,0.4975417793057137,0.4906539797436176,0.4906539797436176,0.5567208426130899,0.5567232630239664,0.5562311414138864,0.8135073089210583,0.8110082443332164,0.0,0.0,0.5750940239421778,3
0.002789522828421,0.8607323675287447,0.5914808836374645,0.4083528517498405,0.4975410544733218,0.4906538530294672,0.4906538530294672,0.5568654131470634,0.5568678394156107,0.5563752267299937,0.6351851904165846,0.6346121449244199,0.0,0.0,0.5285224544151881,3
0.002789702425189,0.5906874372339627,0.5918596412115044,0.4079714966769656,0.4975395459858349,0.4906535893178664,0.4906535893178664,0.5571542673205985,0.5571567052928629,0.5566631114306917,0.09896601393193,0.1041845571783871,0.0,0.0,0.3884805143610944,3
0.0027897872781944,0.4387747902540673,0.5920395232309252,0.4077914830493863,0.4975389080501817,0.4906534777948782,0.4906534777948782,0.5572906428005355,0.5572930862984257,0.5567990291975833,0.073284622355586,0.0787805448245109,0.0,0.0,0.381773453229204,3
0.002789868428412,0.3303322792887077,0.5922114616969932,0.4076194228594005,0.4975382335319831,0.4906533598765822,0.4906533598765822,0.5574209700944374,0.5574234188728944,0.5569289190777901,0.0560601569373046,0.0617421171764549,0.0,0.0,0.3772750489109711,3
0.0027899604483574,0.2393673746629664,0.5924063390597829,0.4074244321631117,0.4975374833424393,0.4906532287295311,0.4906532287295311,0.5575686709450384,0.5575711257079996,0.5570761242043345,0.0404582354401501,0.0463087086993609,0.0,0.0,0.3732004018086076,3
0.0027900987564772,0.1448235030270855,0.5926990483463254,0.4071315895133087,0.4975363556691246,0.4906530315913132,0.4906530315913132,0.5577904916491553,0.5577929553997892,0.5572972004180924,0.0251234184967316,0.0311395198367966,0.0,0.0,0.3691955325254671,3
0.0027902497983463,0.0827896464247384,0.5930184159105502,0.4068121058860861,0.4975351246673911,0.4906528163893706,0.4906528163893706,0.5580324914814664,0.5580349650373857,0.557538388033425,0.0149089397052224,0.021035365447946,0.0,0.0,0.3665279247974947,3
0.0027904293852203,0.0439402681212615,0.5933977295954789,0.4064326808116947,0.4975336638890968,0.4906525610182218,0.4906525610182218,0.558319895054259,0.5583223802551204,0.5578248270019894,0.0085103632467751,0.0147058986464918,0.0,0.0,0.3648569113970417,3
0.0027905758664513,0.0266049856548503,0.5937067773272745,0.4061235529499746,0.4975324743881382,0.4906523530713846,0.4906523530713846,0.5585540502278393,0.5585565449161384,0.5580581962873907,0.0056554120187994,0.0118817831366447,0.0,0.0,0.364111357227627,3
0.0027907290192563,0.0159544637249345,0.5940295661197995,0.4058006857958007,0.4975312325654863,0.4906521359777446,0.4906521359777446,0.5587986122117323,0.5588011168091293,0.5583019374550307,0.0039001253226929,0.0101454549170494,0.0,0.0,0.363653000339365,3
0.0027908895610764,0.0095613146870401,0.5943675570659634,0.4054626161268489,0.4975299330841221,0.490651908804292,0.490651908804292,0.5590546893850703,0.5590572043581346,0.5585571551640213,0.002846730759081,0.0091034378430154,0.0,0.0,0.3633779565442919,3
0.0027910750737474,0.0055416792318745,0.5947576424459509,0.4050724419540671,0.49752843416521,0.4906516467654556,0.4906516467654556,0.5593502336988638,0.5593527606467146,0.558851707551055,0.0021830052242178,0.0084468810658204,0.0,0.0,0.3632046911764251,3
0.002791346291057,0.0028415649820082,0.5953270154597621,0.4045029408964637,0.4975262481979459,0.4906512646178201,0.4906512646178201,0.5597816116612233,0.5597841560875326,0.5592816376921421,0.0017368484131329,0.0080055430991112,0.0,0.0,0.3630882826348885,3
0.0027916888216973,0.0017144874283308,0.5960445130931988,0.4037852821612319,0.4975234967236619,0.4906507836090652,0.4906507836090652,0.5603252129700783,0.5603277794218819,0.5598234145277803,0.0015482291149905,0.0078189610377013,0.0,0.0,0.3630391632480625,3
0.0027921716780792,0.0013638677537533,0.5970529188849041,0.4027766479921618,0.4975196355299465,0.4906501086007642,0.4906501086007642,0.5610892157555214,0.5610918131629884,0.5605848531129595,0.0014873671023875,0.0077587563826906,0.0,0.0,0.3630234670388436,3
0.0027928360165254,0.0013231537097869,0.5984344739861427,0.4013947749211097,0.4975143571361755,0.4906491858395992,0.4906491858395992,0.5621359289935691,0.5621385688114869,0.5616280532978976,0.0014752999541487,0.0077468195691413,0.0,0.0,0.3630205879552272,3
0.0027939935445494,0.0013162968418869,0.6008251784154806,0.3990035043747444,0.4975052534217465,0.4906475943414093,0.4906475943414093,0.5639472081198874,0.5639499213267349,0.5634332532809166,0.0014662422254805,0.0077378596710648,0.0,0.0,0.3630186938313265,3
0.0027963086005974,0.0012955869080181,0.6055419415048244,0.3942855639014938,0.4974874097232273,0.4906444749318413,0.4906444749318413,0.5675207885430482,0.5675236465432845,0.5669948398003396,0.001446154406581,0.0077179888164046,0.0,0.0,0.3630143777224388,3
0.0028009387126934,0.0012600552907707,0.6147030146481383,0.3851219611912778,0.4974532330192738,0.4906385002098853,0.4906385002098853,0.5744615296755333,0.5744646688988876,0.5739122859258136,0.0014103611321317,0.0076825821374638,0.0,0.0,0.3630068362999701,3
0.0028101989368854,0.0011957612502715,0.6318285477140572,0.3679907107744943,0.4973913275276351,0.4906276779813701,0.4906276779813701,0.5874364169858709,0.5874400819222859,0.586843626000331,0.0013462335780639,0.0076191472114039,0.0,0.0,0.3629934655176692,3
0.0028258239368854,0.0011125939798271,0.6565664522683429,0.343241500674376,0.4973085449236163,0.4906132060462627,0.4906132060462627,0.6061786962527635,0.606183120583905,0.6055230011020065,0.0012630195160765,0.0075368319267177,0.0,0.0,0.3629766111442553,3
0.0028414489368854,0.0010545590645115,0.6752791972508665,0.3245159842066757,0.497256253088449,0.4906040644632676,0.4906040644632676,0.6203561093435609,0.6203611081113852,0.6196528309547826,0.0012051734160545,0.0074796106100607,0.0,0.0,0.362965193857691,3
0.0028570739368854,0.0010203046737653,0.6872470649684363,0.3125337724678558,0.4972351690648917,0.4906003785847628,0.4906003785847628,0.6294233736287618,0.6294287397816082,0.6286896630453427,0.0011710496824853,0.0074458554396457,0.0,0.0,0.362958641957718,3
0.0028726989368854,0.0010063832124863,0.6920107292081152,0.3077553351353371,0.4972473884327919,0.4906025147569865,0.4906025147569865,0.6330324879379217,0.6330380003239093,0.6322866641894196,0.0011574083961885,0.0074323614899672,0.0,0.0,0.3629560187103658,3
0.0028883239368854,0.0010136244215351,0.6893865342510759,0.3103643048760298,0.4972911634174233,0.4906101674364886,0.4906101674364886,0.6310443084411925,0.631049740270648,0.6303051575615429,0.0011649917185208,0.0074398629064555,0.0,0.0,0.362957481726026,3
0.0029039489368854,0.0010410115864429,0.6794759121245403,0.3202604204459262,0.4973660828808341,0.4906232647487272,0.4906232647487272,0.6235356835002884,0.6235408110972596,0.6228217335995118,0.0011928127709638,0.0074673834696562,0.0,0.0,0.3629627932682048,3
0.0029195739368854,0.0010911032720506,0.6626591382443516,0.3370633796734808,0.4974680036524765,0.4906410823906193,0.4906410823906193,0.6107947227116942,0.6107993340737777,0.6101235349259762,0.0012435173759854,0.0075175404250742,0.0,0.0,0.3629727193245325,3
0.0029344176868854,0.0011610491146796,0.6408731576194815,0.3588383312950117,0.4975880749910186,0.4906620730883658,0.4906620730883658,0.594288921590012,0.5942928641744006,0.5936731317431473,0.0013141216419692,0.0075873821094688,0.0,0.0,0.3629868625678407,3
0.0029500426868854,0.0012627449445122,0.6126683651516825,0.3870328403895421,0.497731830450618,0.4906872042099017,0.4906872042099017,0.5729200099016863,0.5729230866661491,0.5723759399098196,0.0014167608846322,0.0076889127676052,0.0,0.0,0.3630081064653878,3
0.0029656676868854,0.0014013823943605,0.5801253068654049,0.4195681664897019,0.4978896663285015,0.4907147968497977,0.4907147968497977,0.5482642801521792,0.5482663579222891,0.5478029614668972,0.0015566570222239,0.0078272979169096,0.0,0.0,0.3630382250833545,3
0.0029812926868854,0.001589341004139,0.5444934960230996,0.4551939952594834,0.4980532963226989,0.4907434024087277,0.4907434024087277,0.5212684060985758,0.5212693900569834,0.5208976928779476,0.0017463768264405,0.0080149685980628,0.0,0.0,0.3630807468326871,3
0.0029969176868854,0.0018558688951943,0.5071445038745509,0.4925412460784584,0.4982211201600179,0.4907727411292467,0.4907727411292467,0.4929715367255475,0.4929713741588675,0.4926957954622154,0.002015600877311,0.0082812848174913,0.0,0.0,0.3631436937323886,3
0.0030125426868854,0.0022787275743186,0.4695108957352961,0.5301746850422335,0.4983807619104756,0.4908006494691743,0.4908006494691743,0.4644590320237604,0.4644577141949377,0.4642789864482887,0.0024436695477408,0.0087047300096873,0.0,0.0,0.3632480692600954,3
0.0030281676868854,0.0032902480706052,0.4330416311401185,0.5666480801965068,0.4985319803035493,0.4908270852499465,0.4908270852499465,0.436828671514441,0.4368262341659611,0.4367413609120073,0.0034745475115088,0.0097244736808606,0.0,0.0,0.3635101074586879,3
0.0030301208118854,0.0035904983572429,0.4286342149136963,0.5710550214082895,0.4985471949973363,0.4908297450607096,0.4908297450607096,0.433489461716224,0.4334868890705226,0.433413358406236,0.0038041698745442,0.0100505358631911,0.0,0.0,0.3635953243520712,3
0.0030306090931354,0.0036983507645113,0.4275402271561933,0.5721501711163357,0.4985537154441073,0.4908308849557837,0.4908308849557837,0.4326606189359233,0.4326580127073888,0.4325872974467826,0.0039168159901277,0.0101619653121519,0.0,0.0,0.3636245279121149,3
0.0030315856556354,0.003968214499612,0.4253575919114294,0.5743322788479579,0.4985605061460512,0.4908320720964763,0.4908320720964763,0.4310069791050529,0.431004305874776,0.4309392076790421,0.0042102840561337,0.0104522636922892,0.0,0.0,0.3637007412696053,3
0.0030318297962604,0.0040523718939956,0.4248146009973496,0.5748760692180375,0.4985642068761491,0.4908327190527596,0.4908327190527596,0.4305955903603959,0.4305929004615784,0.4305291996664293,0.0043053455463309,0.0105462984436448,0.0,0.0,0.3637254609857996,3
0.0030323180775104,0.004261335342314,0.4237287666848401,0.5759615302313512,0.4985673162757211,0.4908332626334957,0.4908332626334957,0.4297729244596459,0.4297702012282685,0.4297092948552459,0.0045448060547253,0.0107831725902593,0.0,0.0,0.3637877857134651,3
0.0030332946400104,0.005198178502511,0.4215673208777189,0.5781238304571361,0.4985769251093579,0.490834942435895,0.490834942435895,0.4281353353807914,0.4281325457980117,0.4280772019688506,0.0057121649584365,0.0119379230999086,0.0,0.0,0.3640922334936541,3
0.0030335387806354,0.0062582122079297,0.4210282630015174,0.5786625796145712,0.4985781583292143,0.4908351580256067,0.4908351580256067,0.4277269180580177,0.4277241119270927,0.4276701554052243,0.0081794966961476,0.0143786057147736,0.0,0.0,0.3647365094201355,3
0.0030335998157916,0.0068340275609981,0.4208939574750024,0.5787971513968935,0.4985791996592135,0.4908353400694112,0.4908353400694112,0.4276251578651879,0.4276223476111703,0.4275687367471615,0.0098075075315114,0.0159890327530001,0.0,0.0,0.3651616633976898,3
0.0030337218861041,0.0097432967733517,0.4206249353969324,0.5790661557988435,0.4985800328763123,0.4908354857312192,0.4908354857312192,0.4274213064631189,0.427418487949504,0.4273655695256072,0.0186137911103858,0.0247002015447851,0.0,0.0,0.3674615088751411,3
0.0030338639789796,0.0213820150857499,0.4203123365852476,0.5793790491971038,0.4985814460640827,0.4908357327826614,0.4908357327826614,0.4271843516310926,0.4271815235166042,0.4271294099781719,0.0523872587708335,0.0581088891982051,0.0,0.0,0.3762819159190918,3
0.0030340211896071,0.0698624977270258,0.4199670779403955,0.5797249374111813,0.4985826717694128,0.4908359470586945,0.4908359470586945,0.4269222925788512,0.4269194538463233,0.4268682304670837,0.1880583408665204,0.1923146169282141,0.0,0.0,0.411714470374889,3
0.0030342007520744,0.3223916140172533,0.4195757844679206,0.5801196224100191,0.4985843982061726,0.490836248871872,0.490836248871872,0.4266233783176532,0.4266205274737962,0.4265703194431017,0.8834742662951856,0.8802195035522346,0.0,0.0,0.5933331259121721,3
0.0030343222411899,0.5562501209995424,0.4193091439507531,0.5803864287356306,0.4985852727214905,0.490836401753375,0.490836401753375,0.4264212109174745,0.4264183518822521,0.4263688305714712,0.9263436849801442,0.922625898806896,0.0,0.0,0.6045290917258535,3
0.0030344350309546,0.6997108943569397,0.419061797933156,0.5806339623972729,0.4985863393147522,0.4908365882136664,0.4908365882136664,0.4262337365237603,0.4262308698924999,0.4261819853925963,0.9480317939831612,0.9440797591791806,0.0,0.0,0.6101932314269338,3
0.0030345742033556,0.817628747352002,0.4187567269325074,0.5809391732813283,0.4985875138686091,0.490836793547473,0.490836793547473,0.4260025303839924,0.4259996543847826,0.4259515552432513,0.968965047675544,0.9647869172717338,0.0,0.0,0.6156602174880246,3
0.0030348216681681,0.9290951520647978,0.4182148145725101,0.5814812618017455,0.4985896307573463,0.4908371636189004,0.4908371636189004,0.425591894257955,0.425589001620699,0.4255422973232661,0.9873245202973072,0.9829480931530106,0.0,0.0,0.620454973710193,3
0.0030351503380153,0.9834944575534044,0.4174962320400745,0.5822000161849927,0.4985924537335138,0.4908376571275112,0.4908376571275112,0.4250474400092799,0.4250445253119703,0.4249996704105048,0.996282508614171,0.9918093281523284,0.0,0.0,0.6227943505972298,3
0.0030355218857314,0.999536645590293,0.4166855591038709,0.5830108489820782,0.4985956324590428,0.4908382128277108,0.4908382128277108,0.4244332372411109,0.4244302976576956,0.4243875290731712,0.9989269412978772,0.994425198883716,0.0,0.0,0.6234848256403303,3
0.0030360181227689,0.997951643871716,0.4156056394467008,0.5840909667841183,0.4985998603595618,0.4908389519431648,0.4908389519431648,0.4236150542390697,0.4236120815047314,0.4235720921148744,0.9986698483613146,0.9941708827530222,0.0,0.0,0.6234174688450584,3
0.0030368873302471,0.992362123306555,0.4137219662049456,0.585974991719828,0.4986072179874559,0.490840238193032,0.490840238193032,0.4221879224679956,0.4221848919095087,0.4221497501845361,0.9977562408445032,0.993267142915768,0.0,0.0,0.6231784945120571,3
0.0030386257452036,0.993810352066896,0.4099856572950526,0.5897120418715927,0.4986217522545582,0.4908427790525861,0.4908427790525861,0.4193571667040263,0.4193540214497242,0.4193284952035682,0.9980078067511508,0.9935159917128158,0.0,0.0,0.6232434580838468,3
0.0030421025751164,0.9930161634744344,0.402643354081466,0.5970559281794123,0.4986500560019582,0.4908477270727713,0.4908477270727713,0.4137943881110729,0.4137910174655755,0.4137843868021478,0.9979020493843718,0.9934113766087556,0.0,0.0,0.6232143900038447,3
0.0030490253851758,0.9937059084190822,0.3885894332570602,0.6111134055854262,0.4987032015803336,0.4908570179059193,0.4908570179059193,0.403146658508221,0.4031428564408248,0.4031723938635825,0.9980608702055472,0.9935684820401808,0.0,0.0,0.6232530971296195,3
0.0030628710052947,0.9932356704732598,0.363104432856258,0.6366069839950472,0.4987952585365711,0.4908731111698681,0.4908731111698681,0.3838383542880727,0.3838337698919004,0.3839288935416917,0.9980582065753876,0.993565847179321,0.0,0.0,0.6232473758759338,3
0.0030784960052947,0.9938281761410728,0.3393352500103535,0.6603874970636467,0.4988725627162615,0.4908866253747577,0.4908866253747577,0.3658300113069399,0.3658246972534779,0.365980991436828,0.9982183008657892,0.9937242123255032,0.0,0.0,0.6232844997525337,3
0.0030941210052947,0.9933982218220178,0.3217320260751397,0.6780039609809476,0.4989200839971537,0.490894932976354,0.490894932976354,0.3524932094522717,0.352487355021791,0.3526889515012086,0.998189974854506,0.9936961922574148,0.0,0.0,0.6232736306419902,3
0.0031097460052947,0.9938747051903998,0.3109708030609356,0.6887793849180348,0.4989350414398967,0.4908975478148616,0.4908975478148616,0.3443401400449003,0.3443339552705045,0.3445632460028754,0.998292973888239,0.9937980788205948,0.0,0.0,0.6232984083511521,3
0.0031253710052947,0.9934691147769946,0.307465564624882,0.6922996753759334,0.4989178096730469,0.490894535382303,0.490894535382303,0.3416844522385045,0.3416781598616508,0.3419164714040015,0.998234000713892,0.9937397426029017,0.0,0.0,0.623282315357466,3
0.0031409960052947,0.993844967555205,0.311350579755976,0.6884295495665478,0.4988681067401255,0.4908858463874543,0.4908858463874543,0.3446278718233164,0.3446216987071608,0.3448500120755163,0.9982871863702414,0.9937923538123422,0.0,0.0,0.6232969717418273,3
0.0031566210052947,0.9934564458651676,0.3224769807212409,0.6773177342543408,0.4987887816381415,0.4908719788878521,0.4908719788878521,0.3530576124352321,0.3530517808730825,0.3532514601949001,0.9981977177615848,0.9937038515350088,0.0,0.0,0.6232757997271072,3
0.0031722460052947,0.9937382682105662,0.340416755438058,0.6593912502701833,0.4986819490505647,0.4908533025694023,0.4908533025694023,0.3666493967133862,0.3666441158595661,0.3667976267639351,0.9982006684144832,0.9937067703185358,0.0,0.0,0.6232801080337205,3
0.0031878710052947,0.993353671461698,0.3644809150063084,0.6353390023402983,0.4985526430722622,0.4908306974852887,0.4908306974852887,0.3848812239872945,0.3848766818458415,0.3849682630877611,0.9980739445705326,0.9935814151917436,0.0,0.0,0.6232517575395053,3
0.0032034960052947,0.9935384618585326,0.393744261118038,0.6060853048639754,0.4984049094217231,0.4908048709021664,0.4908048709021664,0.4070521318034628,0.4070484879770032,0.4070647593327207,0.9980175149732368,0.9935255950784696,0.0,0.0,0.623242790757973,3
0.0032191210052947,0.993132768915216,0.4270826417562091,0.5727543610295669,0.4982453437650673,0.4907769758648472,0.4907769758648472,0.432310425007161,0.4323078045895613,0.4322382788636888,0.9978338543351072,0.9933439181196452,0.0,0.0,0.6232013991934153,3
0.0032347460052947,0.9931956397111388,0.4632144600166289,0.5366270603164205,0.4980791648529878,0.4907479247077795,0.4907479247077795,0.4596851215555904,0.4596836102987229,0.4595210985165747,0.9976875978002354,0.9931992412703526,0.0,0.0,0.6231703271565905,3
0.0032503710052947,0.9927059709132114,0.5007516077020585,0.4990917546305173,0.4979136670863657,0.4907189926275755,0.4907189926275755,0.4881245440781551,0.4881241851223059,0.4878650706348654,0.997388115701803,0.992902993814068,0.0,0.0,0.6230995149990766,3
0.0032659960052947,0.992521090532027,0.5382511358837633,0.4615909047193275,0.4977543072266548,0.4906911335673806,0.4906911335673806,0.5165354650280557,0.5165362572184057,0.5161806368394891,0.9970194201878128,0.9925382805015366,0.0,0.0,0.6230106192583273,3
0.0032816210052947,0.9914669241286984,0.5742723701149339,0.4255656472142178,0.4976081076412906,0.4906655751673135,0.4906655751673135,0.5438263820224302,0.5438282799789546,0.5433799581251937,0.9961167279032174,0.9916453380034076,0.0,0.0,0.6227819704014279,3
0.0032835741302947,0.9914034426508356,0.578601453540482,0.421236181074006,0.4975917136731036,0.4906627091975054,0.4906627091975054,0.5471062437760447,0.5471082746251422,0.5466488117744736,0.9959136025668835,0.9914444065804248,0.0,0.0,0.6227297747355869,3
0.0032874803802947,0.990428346768258,0.5871135729644849,0.4127221402186085,0.4975576066140545,0.490656746650771,0.490656746650771,0.5535553186809374,0.5535576108319504,0.5530762418373736,0.994968943540345,0.9905099506141644,0.0,0.0,0.6224847408509466,3
0.0032884569427947,0.9898962973339944,0.589209957211889,0.4106256882866345,0.4975502319618985,0.490655457424747,0.490655457424747,0.5551436132953822,0.5551459698004974,0.5546592057049322,0.9942575558433886,0.9898062464637036,0.0,0.0,0.62229936424453,3
0.0032887010834197,0.9896112107003644,0.5897315835321133,0.4101036657789212,0.4975475849037747,0.490654994669874,0.490654994669874,0.5555388166066051,0.5555411891244637,0.5550530826068092,0.993848192878378,0.9894013049406,0.0,0.0,0.6221925555751098,3
0.003288762118576,0.9895170340009488,0.5898620783049351,0.4099732921522535,0.4975474017951971,0.4906549626590974,0.4906549626590974,0.555637684428811,0.55564006095257,0.5551516186018274,0.9936958802346452,0.989250637393184,0.0,0.0,0.6221528024821534,3
0.0032888841888885,0.9892596496142064,0.5901225608877345,0.4097127038362021,0.4975462843531222,0.49065476730949,0.49065476730949,0.5558350365762909,0.5558374210963121,0.5553483083820511,0.9932227409152103,0.9887826083504316,0.0,0.0,0.6220292861242969,3
0.0032891283295135,0.9823035957969548,0.5906429392520125,0.4091921650987598,0.4975443523114924,0.4906544295527666,0.4906544295527666,0.5562293617640289,0.5562317622612141,0.5557413101076635,0.9737452177220252,0.9695154577230344,0.0,0.0,0.6169425292827642,3
0.0032891893646697,0.9779727460407298,0.5907728272365242,0.4090621637557345,0.4975437867323595,0.4906543306790406,0.4906543306790406,0.556327812812893,0.5563302172990918,0.5558394307281439,0.9614365311074295,0.957339714602276,0.0,0.0,0.6137279491010212,3
0.0032893114349822,0.9582586584586028,0.59103237421263,0.4088023216147344,0.4975428199799516,0.4906541616727828,0.4906541616727828,0.5565246503319347,0.5565270627935441,0.5560356076071619,0.9059926951557696,0.9024947156747388,0.0,0.0,0.5992479763820027,3
0.0032894945388452,0.8278176846701748,0.5914199402683752,0.4084129643243806,0.4975412550193314,0.4906538880886305,0.4906538880886305,0.5568195578491804,0.5568219822597748,0.5563295253349095,0.5453290772511706,0.5457265484356321,0.0,0.0,0.5050551147136402,3
0.0032896854797637,0.5362191647322645,0.5918232518378268,0.4080074585322354,0.4975397234445213,0.4906536203409373,0.4906536203409373,0.557126730201169,0.5571291670576917,0.5566356667332929,0.0897081366967883,0.0950266722969133,0.0,0.0,0.3860626679188272,3
0.0032897603718521,0.4126431374011652,0.5919820285323001,0.4078485528728,0.4975391114800183,0.490653513358188,0.490653513358188,0.5572470975794814,0.5572495393130178,0.5567556301260844,0.0691181608323862,0.0746590843618772,0.0,0.0,0.3806853053761687,3
0.0032898317633301,0.321567559056249,0.5921333382031119,0.4076971507656804,0.497538545634697,0.4906534144379273,0.4906534144379273,0.557361787101046,0.5573642334815422,0.5568699347185532,0.0543545417247587,0.0600549239493407,0.0,0.0,0.3768295854472877,3
0.0032898964794834,0.2566179428601058,0.5922704325289868,0.4075599694085703,0.4975380013261401,0.4906533192826926,0.4906533192826926,0.5574656930312089,0.5574681436217381,0.5569734919122734,0.043429424011863,0.0492478060982347,0.0,0.0,0.3739763473193901,3
0.0032900194401748,0.1652895375259285,0.5925307862973352,0.4072994933166379,0.4975370028311325,0.4906531447272395,0.4906531447272395,0.5576629986825976,0.5576654572675052,0.5571701353524595,0.0284937518350838,0.0344734509249798,0.0,0.0,0.3700757145470283,3
0.003290180220048,0.0913615457664343,0.5928709149265008,0.4069592362107395,0.4975356935958368,0.4906529158486186,0.4906529158486186,0.557920734724945,0.5579232037527335,0.5574270063628458,0.0163206200968446,0.0224317985813254,0.0,0.0,0.3668965780980311,3
0.0032903569382389,0.0489478915901709,0.5932443510190927,0.4065856871163472,0.4975342543742043,0.4906526642459743,0.4906526642459743,0.5582036873057673,0.5582061677981538,0.5577090092781745,0.0093355526802987,0.0155221753852815,0.0,0.0,0.3650723922626674,3
0.0032905059152226,0.0293129418363424,0.593558820016829,0.4062711354855509,0.4975330443032359,0.4906524527031177,0.4906524527031177,0.5584419511537075,0.5584444413000058,0.5579464734481117,0.0061017159552305,0.0123232666396307,0.0,0.0,0.3642278872958107,3
0.0032906655738948,0.0171292040001792,0.5938954777882524,0.4059343950764613,0.4975317482905028,0.4906522261360461,0.4906522261360461,0.5586970216396966,0.5586995221208735,0.5582006878484685,0.0040941447773548,0.0103373788090421,0.0,0.0,0.3637036451088937,3
0.0032908270932677,0.0101895621667665,0.5942356781270426,0.4055941154636082,0.4975304404574769,0.4906519975025681,0.4906519975025681,0.5589547730428452,0.5589572839675255,0.5584575741681012,0.0029505432476535,0.0092061290750829,0.0,0.0,0.3634050427911043,3
0.0032909983442583,0.0061192013885875,0.5945959527027709,0.4052337586055628,0.4975290553574241,0.4906517553613801,0.4906517553613801,0.5592277317044589,0.5592302536888062,0.5587296167065207,0.0022787870610231,0.0085416283834743,0.0,0.0,0.3632296742144263,3
0.0032912610283946,0.0031149075284065,0.5951477314911507,0.4046818558830509,0.4975269366185402,0.4906513849665127,0.4906513849665127,0.5596457798599297,0.5596483187826419,0.5591462617791612,0.0017823936018123,0.0080505963639403,0.0,0.0,0.3631001421178801,3
0.0032915855198593,0.0018287766353417,0.5958279051853865,0.4040015296069429,0.4975243270660212,0.4906509287683155,0.4906509287683155,0.5601611033726411,0.5601636631750954,0.559659855726598,0.0015679298797653,0.0078384490187256,0.0,0.0,0.363044265695784,3
0.0032920530866307,0.0013824897219447,0.5968051718315548,0.4030240424113659,0.4975205837844929,0.4906502743732525,0.4906502743732525,0.5609015141369651,0.5609041039391873,0.5603977814718705,0.0014912107926523,0.0077625585580782,0.0,0.0,0.3630244220232431,3
0.0032926697345872,0.0013251836301665,0.5980889072693889,0.4017400126978552,0.4975156763058019,0.4906494164549255,0.4906494164549255,0.5618741158743479,0.5618767450841907,0.5613671188944116,0.0014769613599009,0.0077484630304049,0.0,0.0,0.3630209537120393,3
0.003293741221372,0.0013182169985106,0.6003054378705259,0.3995229606127941,0.4975072292977116,0.4906479397611878,0.4906479397611878,0.5635534349754021,0.5635561322274533,0.5630408017457504,0.0014682701994197,0.0077398657412908,0.0,0.0,0.3630191209763212,3
0.0032957630070565,0.0013002653046451,0.6044378396473438,0.3953895398815991,0.4974915729256848,0.4906452027368737,0.4906452027368737,0.5666842833577832,0.5666871074647231,0.5661611421530282,0.0014507866309455,0.0077225710091036,0.0,0.0,0.3630153697729136,3
0.0032998065784254,0.0012685177841874,0.6124973420990281,0.3873278645583891,0.4974614011261717,0.4906399281465198,0.4906399281465198,0.5727904370052184,0.5727935085196806,0.5722468018950845,0.0014188432725859,0.0076909726641316,0.0,0.0,0.3630086165880352,3
0.0033078937211633,0.0012106558364282,0.6277233099252392,0.3720970414156276,0.4974059026147985,0.4906302259770282,0.4906302259770282,0.5843261489751121,0.5843296878905085,0.5837437968913746,0.001361111168426,0.0076338641120917,0.0,0.0,0.3629965414858815,3
0.0033235187211633,0.0011231043744416,0.6532747807979521,0.3465345078622037,0.4973188386081517,0.4906150055733056,0.4906150055733056,0.6036848138073839,0.6036891370920544,0.6030374888015352,0.0012735255944224,0.0075472245311564,0.0,0.0,0.362978705857909,3
0.0033391437211633,0.0010616177635603,0.6729276845854829,0.3268691195217094,0.4972621099347756,0.4906050883486718,0.4906050883486718,0.6185745232394876,0.6185794498214763,0.6178772243361841,0.001212208756188,0.0074865699629888,0.0,0.0,0.3629665675317915,3
0.0033547687211633,0.0010239922875561,0.6859259528481298,0.313856606239592,0.4972361253210695,0.4906005457560848,0.4906005457560848,0.6284224540812557,0.628427779679108,0.6276921028549185,0.0011747049009123,0.0074494711788397,0.0,0.0,0.3629593360537212,3
0.0033703937211633,0.0010071617181646,0.6917708814022224,0.3079970316037818,0.4972436448339592,0.4906018603064529,0.4906018603064529,0.6328507710692194,0.632856276092451,0.6321055572117433,0.0011581496477995,0.007433094735478,0.0,0.0,0.362956165002165,3
0.0033860187211633,0.0010112530276651,0.6902370436259173,0.3095155757814457,0.4972826277961122,0.4906086752515159,0.4906086752515159,0.6316886833174263,0.6316941412554931,0.6309473697411752,0.0011625533663075,0.0074374508903634,0.0,0.0,0.362957012631467,3
0.0034016437211633,0.0010356421217204,0.6813841870427613,0.3183538819714454,0.4973533181114398,0.4906210332302032,0.4906210332302032,0.6249814575863809,0.6249866437628451,0.6242626552762103,0.0011873831908519,0.0074620125332788,0.0,0.0,0.3629617515575795,3
0.0034172687211633,0.0010822281506039,0.6655517216283181,0.3341722990234785,0.4974512668578739,0.4906381564883931,0.4906381564883931,0.6129862424259502,0.6129909425834513,0.6123076993065388,0.0012345305186933,0.0075086506329073,0.0,0.0,0.3629709426795992,3
0.0034321124711633,0.0011485831608831,0.6445984595166486,0.3551143056528846,0.4975682906040095,0.4906586144104428,0.4906586144104428,0.5971113372219186,0.5971153941641991,0.5964860745837944,0.0013015395420108,0.0075749359060834,0.0,0.0,0.362984311180002,3
0.0034477374711633,0.001245694603534,0.6171300863872696,0.3825720940449023,0.497709579929694,0.4906833144060143,0.4906833144060143,0.5763003619204627,0.5763035756491367,0.5757449465517155,0.0013995559690331,0.0076718936786229,0.0,0.0,0.3630044929778505,3
0.0034633624711633,0.0013783044821863,0.5851519588546552,0.4145421234229584,0.4978657776003015,0.4907106206568837,0.4907106206568837,0.552072642970893,0.5520748750472427,0.5515985423885672,0.0015333706584507,0.0078042630641754,0.0,0.0,0.3630331347341461,3
0.0034789874711633,0.0015576348554804,0.5498919044452516,0.4497958034870535,0.4980287213663308,0.4907391062503978,0.4907391062503978,0.5253584242823386,0.5253595739590238,0.5249739838529803,0.0017143678039302,0.0079833052981645,0.0,0.0,0.3630734517347132,3
0.0034946124711633,0.0018096209549447,0.5127071672938671,0.4869783550828161,0.4981967415616264,0.4907684792979342,0.4907684792979342,0.4971860001411415,0.4971860083349783,0.4968961139971778,0.0019688584425684,0.0082350472377978,0.0,0.0,0.3631325831644917,3
0.0035102374711633,0.0021997114829514,0.4750240573851204,0.5246608736046361,0.4983575781282598,0.4907965965138977,0.4907965965138977,0.468635991330769,0.4686348427428814,0.4684419267486113,0.0023635769332842,0.0086255024584442,0.0,0.0,0.3632282390100932,3
0.0035258624711633,0.0030300658647437,0.4382933793102034,0.5613952409983212,0.4985108211462989,0.4908233862366782,0.4908233862366782,0.440807575723985,0.440805299591696,0.4407069108414119,0.0032083389851005,0.009461140415859,0.0,0.0,0.363441618580422,3
0.0035278155961633,0.0032328204238566,0.4338388121324301,0.5658492896956673,0.4985263716265344,0.4908261047491425,0.4908261047491425,0.4374326431558256,0.4374302302789093,0.437343305460989,0.0034257126873333,0.0096761663111854,0.0,0.0,0.3634975106843915,3
0.0035317218461633,0.0040341051902951,0.4250547857865683,0.5746357115384062,0.4985638100413476,0.4908326496786736,0.4908326496786736,0.4307775626767178,0.4307748801510065,0.4307105612343737,0.0042656657246018,0.0105070471951909,0.0,0.0,0.3637151453445691,3
0.0035326984086633,0.0044861323563968,0.422884758987911,0.5768050359600616,0.4985701105997773,0.4908337511331859,0.4908337511331859,0.4291334745520641,0.429130725411624,0.4290719911147371,0.0048087563650446,0.0110442720296813,0.0,0.0,0.36385655402334,3
0.0035329425492883,0.0046711942588498,0.4223451764633696,0.5773455722405691,0.4985741168438031,0.4908344514989723,0.4908344514989723,0.4287246676109317,0.4287219019065599,0.4286645562404169,0.005047731552698,0.0112806660974002,0.0,0.0,0.3639188597219711,3
0.0035334308305383,0.0055428869452283,0.4212658198607866,0.5784244553738813,0.4985769432675262,0.4908349456102797,0.4908349456102797,0.4279069056361501,0.4279041067979143,0.4278495388962982,0.0063648967203443,0.0125836048455406,0.0,0.0,0.3642626451346769,3
0.0035335529008508,0.0060609716979302,0.4209970775406746,0.5786937163235155,0.4985790169536495,0.4908353081290887,0.4908353081290887,0.4277032928399588,0.4277004857517935,0.4276466094797957,0.0076278232727576,0.0138328907981405,0.0,0.0,0.3645924251376584,3
0.0035337970414758,0.0253939035551822,0.4204591723609354,0.5792316819856529,0.4985805152569731,0.4908355700603087,0.4908355700603087,0.4272955640612563,0.4272927404528439,0.4272402491493002,0.0623937139157794,0.0680072667594456,0.0,0.0,0.378895286956644,3
0.0035340299372833,0.2601172699936513,0.4199500343906263,0.5797441745531691,0.4985830665541662,0.4908360160743942,0.4908360160743942,0.4269075356572223,0.4269046963267774,0.4268535230736804,0.7100158435524622,0.7086345681666061,0.0,0.0,0.5480318228503371,3
0.0035342074954696,0.5598359314555623,0.4195606548464182,0.5801344367080647,0.4985841776454602,0.4908362103137672,0.4908362103137672,0.4266117626773449,0.4266089113628484,0.4265587427880281,0.9267569795569024,0.9230347294772488,0.0,0.0,0.6046370796586364,3
0.0035343780886139,0.7585801057566811,0.4191864258724901,0.5805090143068525,0.4985859397898298,0.4908365183692973,0.4908365183692973,0.4263281206022132,0.4263252577951819,0.4262760526925197,0.9588699663374108,0.9548008707498796,0.0,0.0,0.6130238140274129,3
0.0035345268222146,0.8606051013873104,0.4188602366355362,0.5808352922130162,0.4985871165684155,0.4908367240920278,0.4908367240920278,0.4260809278531683,0.4260780550304465,0.4260296895892882,0.9760428919872884,0.9717883152995568,0.0,0.0,0.617508727511946,3
0.0035347041302613,0.927144571024342,0.4184717524755169,0.5812238849553342,0.4985886188074926,0.4908369867112905,0.4908369867112905,0.4257865603058822,0.4257836755560538,0.4257363100192147,0.987001225834174,0.9826282905242878,0.0,0.0,0.6203705909784267,3
0.0035350587463548,0.983237621876718,0.417695963059061,0.5819998586288264,0.498591670294243,0.4908375201677908,0.4908375201677908,0.4251987631828812,0.425195854616844,0.4251504857025524,0.9962396263461128,0.9917669090464838,0.0,0.0,0.622783190609687,3
0.0035354216173376,0.99103907345804,0.4169037610831548,0.5827922096977072,0.4985947762660037,0.490838063149282,0.490838063149282,0.4245985594376267,0.4245956265526925,0.4245522964036211,0.9975270953461302,0.9930404723689558,0.0,0.0,0.6231192770307783,3
0.0035360139302854,0.9944537110644978,0.4156143570265357,0.5840818549939977,0.4985998273980692,0.4908389461808843,0.4908389461808843,0.423621661009436,0.4236186885427891,0.4235786767111301,0.9980938746474272,0.9936011300081368,0.0,0.0,0.6232670460309209,3
0.0035366386875956,0.993949482466154,0.4142593748913335,0.5854370914455849,0.4986051216575475,0.4908398717156693,0.4908398717156693,0.4225950806743054,0.4225920666129473,0.4225555418576344,0.9980156907143974,0.9935237905230602,0.0,0.0,0.6232463598749134,3
0.003537888202216,0.9930874214301556,0.4115653084244448,0.5881316807766443,0.4986156161702957,0.4908417063512099,0.4908417063512099,0.4205539646368169,0.4205508678740577,0.420521276358366,0.9978832651655374,0.9933927952742548,0.0,0.0,0.623211243608085,3
0.0035403872314569,0.9934938514536974,0.4062430862020401,0.5934550069796609,0.4986362216868709,0.4908453085778161,0.4908453085778161,0.4165216675243297,0.4165184073820199,0.4165025127270608,0.9979685629037218,0.9934771717297968,0.0,0.0,0.6232324709104411,3
0.0035453852899388,0.9932691971128772,0.3958805167494454,0.6038199948078578,0.4986758051754436,0.4908522285060394,0.4908522285060394,0.408670632005256,0.4086670537567605,0.408677827409496,0.9979658938203184,0.9934745314745926,0.0,0.0,0.6232297303539711,3
0.0035553814069024,0.9935633005645736,0.3764238183445689,0.6232823370776523,0.4987479348281978,0.4908648381076138,0.4908648381076138,0.3939295742872957,0.3939253987645129,0.3939862446735782,0.998074135853498,0.9935816044087028,0.0,0.0,0.6232541626192298,3
0.0035710064069024,0.993448736040334,0.3500099375221877,0.6497068130180756,0.4988392672680137,0.4908808047126498,0.4908808047126498,0.3739175184238667,0.3739125320578844,0.3740413546895197,0.998128538263627,0.9936354192300252,0.0,0.0,0.6232631618795799,3
0.0035866314069024,0.9936987700577236,0.3293513154180796,0.6703776925052749,0.4989010899974939,0.4908916124728043,0.4908916124728043,0.3582658424324114,0.3582602218959508,0.3584422099616568,0.9982214487754186,0.9937273262352334,0.0,0.0,0.6232833530609116,3
0.0036022564069024,0.9935636958789724,0.3152423355484446,0.6845006052329197,0.4989320796915226,0.4908970300462943,0.4908970300462943,0.347576398745131,0.3475703450966114,0.3477886429424277,0.9982321444124492,0.993737906350974,0.0,0.0,0.6232833641232745,3
0.0036178814069024,0.9937451174931172,0.3082247147332267,0.6915328155851079,0.4989299988003903,0.4908966662679161,0.4908966662679161,0.3422596100598625,0.3422533409871017,0.3424896988399403,0.9982777579265042,0.993783027203211,0.0,0.0,0.6232938929404124,3
0.0036335064069024,0.9935937296568444,0.3085686151389249,0.6912040796617129,0.4988959681223952,0.4908907170740071,0.4908907170740071,0.3425201608100186,0.3425139022941844,0.3427493751112135,0.9982520558617236,0.9937576027409396,0.0,0.0,0.6232872482613381,3
0.0036491314069024,0.9937135659096088,0.3162603427586201,0.6835270305999144,0.4988302603882903,0.4908792301429631,0.4908792301429631,0.3483476755984461,0.3483416532003185,0.3485573311817372,0.9982544238705864,0.993759945173445,0.0,0.0,0.6232893835013591,3
0.0036647564069024,0.9935424708077102,0.3310047824881607,0.6687966930898184,0.4987364300286088,0.4908628268551889,0.4908628268551889,0.3595185655012021,0.3595129957222442,0.3596907285525519,0.9981916011671462,0.9936978010045996,0.0,0.0,0.6232758839530366,3
0.0036803814069024,0.9936001916954104,0.3522348408716502,0.6475791457410691,0.4986170592820764,0.4908419586339242,0.4908419586339242,0.3756031809061656,0.375598262839411,0.3757213596319977,0.998147593673154,0.9936542688261458,0.0,0.0,0.6232685772451696,3
0.0036960064069024,0.9933988868106998,0.3791351271394162,0.6206897669993419,0.4984777534503903,0.4908176053899048,0.4908176053899048,0.3959837542902921,0.3959796619982327,0.3960335302921482,0.9980393910430978,0.9935472348695747,0.0,0.0,0.623245623135366,3
0.0037116314069024,0.9933835412065704,0.4106714106044397,0.589161900609944,0.4983228536664845,0.4907905260337116,0.4907905260337116,0.4198767170202175,0.419873592816918,0.4198463017681877,0.9979357037604843,0.9934446674911436,0.0,0.0,0.6232247624909992,3
0.0037272564069024,0.9931253042884968,0.4456322328723052,0.5542071447971879,0.4981593193662101,0.4907619372038548,0.4907619372038548,0.4463642272391436,0.4463621762497948,0.4462449127291701,0.9977570972991342,0.9932679901200154,0.0,0.0,0.6231850108467962,3
0.0037428814069024,0.9929964470404248,0.4826736064142985,0.5171687912241059,0.4979924339257042,0.4907327625325094,0.4907327625325094,0.4744280340569297,0.4744271201495011,0.4742145298107161,0.9975508629191696,0.993063983233518,0.0,0.0,0.6231384540217326,3
0.0037585064069024,0.992594394458484,0.5203725100736152,0.4794702030471631,0.4978296062956686,0.4907042972417217,0.4907042972417217,0.50299000854129,0.5029902519004078,0.5026806425732278,0.9972153895793808,0.9927321332695836,0.0,0.0,0.6230582740873272,3
0.0037741314069024,0.9921233411380156,0.5572797378572365,0.4425601158683863,0.4976761037130996,0.4906774621422455,0.4906774621422455,0.5309521831562272,0.5309535594793585,0.5305489685571227,0.996671719302307,0.9921943350589936,0.0,0.0,0.6229235641529682,3
0.0037760845319024,0.9919612029831416,0.5617667216975782,0.4380731475513649,0.4976591622649469,0.4906745004627816,0.4906745004627816,0.5343516753401897,0.5343531894030484,0.5339370511246266,0.9965539035218046,0.99207779178156,0.0,0.0,0.6228936795480693,3
0.0037799907819024,0.991728127737951,0.5706242845517425,0.4292137774478128,0.4976223661399652,0.4906680678174299,0.4906680678174299,0.5410624675613183,0.5410642535302856,0.540625320109568,0.9962859784162466,0.9918127604778132,0.0,0.0,0.6228254534197599,3
0.0037878032819024,0.9902732087113522,0.5878080664424652,0.412027475939948,0.4975557031257884,0.4906564138857053,0.4906564138857053,0.5540814911978439,0.5540838046681762,0.5536006483768093,0.9947974018889192,0.9903402617474584,0.0,0.0,0.6224400770219614,3
0.0037880474225274,0.9901837667623652,0.5883319147162659,0.4115032124890617,0.4975529950416462,0.4906559404623522,0.4906559404623522,0.5544783770184277,0.554480706569675,0.5539962021410901,0.9946479607491672,0.990192434689522,0.0,0.0,0.6224011514358672,3
0.0037885357037774,0.9898127144839164,0.5893779616546095,0.4104571890815457,0.4975494505294202,0.4906553208158512,0.4906553208158512,0.555270899579326,0.5552732612417932,0.554786064781634,0.9941453265740612,0.989695229358732,0.0,0.0,0.6222700869478339,3
0.0037886577740899,0.989672202225746,0.5896387214763743,0.4101962083812211,0.4975480778096015,0.4906550808389578,0.4906550808389578,0.5554684608059813,0.5554708304731822,0.5549829629393069,0.99394574181857,0.9894978002755348,0.0,0.0,0.6222180136924857,3
0.0037889019147149,0.989168219062908,0.5901600401274919,0.4096748814629563,0.4975462814967657,0.4906547668101458,0.4906547668101458,0.5558634327061662,0.5558658183767344,0.5553766092068241,0.993058176264806,0.9886198211276496,0.0,0.0,0.6219863148858698,3
0.0037889629498712,0.9889649348957454,0.5902901475928028,0.4095446823645126,0.4975456414785455,0.4906546549230863,0.4906546549230863,0.5559620080814832,0.5559643977461024,0.5554748537364842,0.9926255260565008,0.98819184388179,0.0,0.0,0.6218733471821207,3
0.0037890850201837,0.9880733769826868,0.5905503522554925,0.409284443861229,0.4975447037828,0.4906544909964723,0.4906544909964723,0.5561591571121166,0.5561615547647681,0.5556713410815766,0.9900452247133537,0.9856394118220564,0.0,0.0,0.6211995124889216,3
0.0037893291608087,0.956080777728756,0.5910696308750125,0.4087646077717082,0.4975426296254355,0.4906541283952816,0.4906541283952816,0.556552898391835,0.5565553119979918,0.5560637608589227,0.9000083113846643,0.8965749679539208,0.0,0.0,0.597685068419211,3
0.0037893767991885,0.9415347943118094,0.5911707724136329,0.4086632737811701,0.4975422775245857,0.4906540668415202,0.4906540668415202,0.5566296702664411,0.5566320869832204,0.5561402750663254,0.8593644315031169,0.8563700739336384,0.0,0.0,0.5870703041952066,3
0.0037894720759483,0.888850244840235,0.5913726011196053,0.4084607040213657,0.4975414575555725,0.4906539234957233,0.4906539234957233,0.5567830988629104,0.5567855217962693,0.5562931887148717,0.7132350477985959,0.7118190024756005,0.0,0.0,0.5489063726107022,3
0.0037896626294677,0.6142918433474327,0.5917744136600955,0.4080559584029193,0.4975398886853863,0.4906536492281064,0.4906536492281064,0.557089681427955,0.5570921167833452,0.5565987423057958,0.103097513258692,0.1082714330637955,0.0,0.0,0.3895595031457313,3
0.0037897609605549,0.4349025339940955,0.5919828963689755,0.407847304089239,0.4975391153017221,0.4906535140262927,0.4906535140262927,0.557247742837932,0.5572501845976128,0.556756273218873,0.0725836836061853,0.0780871767647564,0.0,0.0,0.3815903809580118,3
0.003789851912767,0.3162383138101135,0.592175645746681,0.407654432669674,0.4975383835213254,0.4906533860975021,0.4906533860975021,0.557393842180206,0.5573962898595014,0.556901882212186,0.0539460346587396,0.0596508290808464,0.0,0.0,0.3767229057882938,3
0.0037899581384307,0.2160235407795711,0.5924006205014806,0.4074293253953023,0.4975375045050194,0.4906532324291428,0.4906532324291428,0.5575643511188072,0.5575668057067388,0.5570718188766101,0.0368500288685839,0.0427394735959236,0.0,0.0,0.3722580611674183,3
0.0037900725867494,0.1429932012372225,0.5926428609968779,0.4071869777315505,0.4975365714095612,0.4906530693067443,0.4906530693067443,0.5577479232635214,0.5577503852893807,0.5572547749034895,0.0248223141953914,0.0308416676986711,0.0,0.0,0.369116883353263,3
0.0037901977118939,0.0908739110958004,0.592907501533918,0.4069222412429632,0.4975355527289506,0.4906528912224733,0.4906528912224733,0.5579484542682939,0.5579509244192155,0.5574546328718999,0.016240361768143,0.0223524071056813,0.0,0.0,0.366875624596522,3
0.0037903339217561,0.0553609871518157,0.5931953400365819,0.4066343135916923,0.4975344436250806,0.4906526973305389,0.4906526973305389,0.558166551184554,0.558169030172269,0.5576719977958415,0.0103917605233496,0.0165669753531245,0.0,0.0,0.3653482277760438,3
0.0037904622539084,0.0348575153540469,0.593466290995489,0.4063632884855309,0.4975334003168452,0.490652514940902,0.490652514940902,0.5583718447896461,0.5583743320953932,0.557876602379995,0.0070148685576111,0.0132265564758878,0.0,0.0,0.3644663531165862,3
0.0037905727415911,0.0236555874308448,0.5936993762449286,0.4061301442079324,0.4975325032276041,0.4906523581130583,0.4906523581130583,0.5585484446323441,0.558550939093517,0.5580526095057922,0.0051695708798366,0.0114011894640027,0.0,0.0,0.3639844707649031,3
0.0037906949178346,0.0158170381927009,0.5939569123868055,0.405872546128152,0.4975315124670079,0.4906521849097239,0.4906521849097239,0.5587435673474468,0.5587460697145503,0.5582470773362175,0.003878005874682,0.0101235743764697,0.0,0.0,0.3636472091727564,3
0.0037908620833473,0.0092818302445898,0.5943089250433303,0.405520451598864,0.4975301588119114,0.4906519482656977,0.4906519482656977,0.5590102679306211,0.5590127811038287,0.558512882800004,0.0028006837634221,0.0090578881911167,0.0,0.0,0.3633659190898803,3
0.0037910276940489,0.0057222048739925,0.5946572545387265,0.405172042974681,0.4975288202535708,0.4906517142608644,0.4906517142608644,0.5592741762943509,0.5592767001605279,0.5587759054157904,0.0022133336849954,0.0084768819553741,0.0,0.0,0.3632125921313985,3
0.0037913324593887,0.0026789051907295,0.5952971958544271,0.4045319577959569,0.497526362911969,0.4906512846719597,0.4906512846719597,0.5597590194077655,0.5597615629186878,0.5592591212644056,0.0017099344317716,0.0079789198099112,0.0,0.0,0.3630812477478235,3
0.0037916530156247,0.0017150224755993,0.5959687845053167,0.4038602186526684,0.4975237874966574,0.4906508344415797,0.4906508344415797,0.5602678384107431,0.5602704025378595,0.5597662325330051,0.0015488282766285,0.0078195537279224,0.0,0.0,0.3630393047949168,3
0.0037921763878558,0.0013486490413748,0.5970619281930325,0.4027668273492866,0.4975196012119123,0.4906501026013351,0.4906501026013351,0.5610960415239862,0.5610986392080178,0.5605916559722967,0.0014845926529519,0.0077560118994904,0.0,0.0,0.3630227442246532,3
0.0037928030782837,0.0013250640380123,0.5983653282114493,0.4014631277924878,0.4975146217981745,0.4906492321074271,0.4906492321074271,0.5620835417969986,0.5620861794923058,0.5615758419269468,0.0014760954243727,0.0077476064476614,0.0,0.0,0.3630207820692567,3
0.0037940564591396,0.0013152457717085,0.6009537017592144,0.3988741404130192,0.4975047645415875,0.490647508876087,0.490647508876087,0.5640445817851452,0.5640472989373532,0.563530300133782,0.0014653902465338,0.0077370168941606,0.0,0.0,0.3630184966683317,3
0.0037963306739314,0.0012957172168947,0.605585681837897,0.3942410040554974,0.4974872474897012,0.4906444465704108,0.4906444465704108,0.5675539277086666,0.5675567870516268,0.567027867741943,0.0014462542861799,0.0077180876172253,0.0,0.0,0.3630144124330862,3
0.0038008791035149,0.0012602835540333,0.6145866703775998,0.3852375305665741,0.4974536634198485,0.4906385754518913,0.4906385754518913,0.5743733832931912,0.5743765189450535,0.5738244353866033,0.0014105654378355,0.0076827842365054,0.0,0.0,0.3630068667146754,3
0.0038099759626819,0.0011973343970712,0.6314354832132475,0.3683831153715317,0.4973927193396679,0.4906279212959367,0.4906279212959367,0.5871386179280073,0.5871422707982785,0.5865468264367588,0.0013478499021209,0.0076207460778902,0.0,0.0,0.3629938101341983,3
0.0038256009626819,0.0011134877302042,0.6562529950852529,0.3435543175393927,0.4973095116863075,0.4906133750543182,0.4906133750543182,0.6059412104126789,0.6059456251214316,0.6052863123287198,0.0012638602015978,0.0075376635321743,0.0,0.0,0.3629767688891114,3
0.0038412259626819,0.001055316056203,0.6750573801849062,0.3247371919629778,0.4972567965073891,0.4906041594629808,0.4906041594629808,0.6201880531772378,0.6201930451358068,0.6194853388304686,0.0012059866525182,0.0074804150629312,0.0,0.0,0.362965362505095,3
0.0038568509626819,0.0010205607185046,0.6871253634978733,0.3126548702254232,0.4972352298822904,0.4906003892167725,0.4906003892167725,0.6293311684492888,0.62933653086619,0.628597767331424,0.0011712385817601,0.0074460422986598,0.0,0.0,0.3629586672923614,3
0.0038724759626819,0.0010065175084776,0.6919938068802115,0.3077716691752591,0.4972470027423088,0.490602447331134,0.490602447331134,0.6330196670052846,0.6330251788717971,0.6322738862873047,0.0011576078340406,0.0074325587737337,0.0,0.0,0.362956067459618,3
0.0038881009626819,0.0010133048981702,0.6894749927596706,0.3102752474903127,0.4972903080905757,0.4906100179094862,0.4906100179094862,0.6311113276212886,0.6311167621662096,0.6303719518071197,0.0011645922372702,0.0074394677399165,0.0,0.0,0.3629573948391461,3
0.0039037259626819,0.0010405475831686,0.6796663385015804,0.3200693940599591,0.497364828796599,0.490623045511535,0.490623045511535,0.623679957010145,0.6236850904527521,0.6229655228883955,0.0011924207629456,0.0074669956956329,0.0,0.0,0.3629627284409918,3
0.0039193509626819,0.001090145494287,0.662944166091879,0.3367777253241477,0.4974663614731374,0.4906407953072023,0.4906407953072023,0.6110106695197014,0.6110152896314607,0.6103387569580104,0.0012424660162782,0.0075165004208786,0.0,0.0,0.362972500952598,3
0.0039349759626819,0.0011640093669924,0.6399517131409297,0.3597581494825354,0.4975923364654377,0.4906628180731605,0.4906628180731605,0.5935908038612142,0.5935947181594527,0.5929773570865194,0.0013171834616427,0.0075904108590823,0.0,0.0,0.3629874805023675,3
0.0039506009626819,0.0012670205166158,0.6115719544722379,0.3881275417222862,0.4977365878147255,0.4906880358854145,0.4906880358854145,0.572089331816112,0.5720923749233792,0.5715480498048741,0.001421031661656,0.007693137416879,0.0,0.0,0.3630090056349322,3
0.0039662259626819,0.001407049823945,0.5788961154544883,0.4207956822093646,0.4978948895160551,0.4907157099598915,0.4907157099598915,0.5473330028570249,0.547335042893887,0.5468748097905645,0.0015624535102844,0.0078330317983413,0.0,0.0,0.3630394965320033,3
0.0039818509626819,0.0015973468110022,0.5431793047984895,0.4565071526253567,0.4980598479172529,0.4907445477490121,0.4907445477490121,0.5202727300419636,0.5202736736578314,0.5199053585798417,0.0017543868922021,0.0080228921488158,0.0,0.0,0.3630825796298935,3
0.0039974759626819,0.0018674668412666,0.5057947000879566,0.4938895811893992,0.4982264267402079,0.4907736688179207,0.4907736688179207,0.4919488793657796,0.4919486753633386,0.4916765704175146,0.002027393088028,0.0082929496630603,0.0,0.0,0.363146507273089,3
0.0040131009626819,0.002299207800424,0.4681783722644851,0.5315063821360846,0.4983869286700346,0.4908017275331615,0.4908017275331615,0.46344946678825,0.4634481080541295,0.4632728095871306,0.0024643729504041,0.0087252097993226,0.0,0.0,0.3632532135054364,3
0.0040287259626819,0.0033695632932697,0.4317764918667722,0.5679119629007743,0.4985364743567975,0.4908278708938357,0.4908278708938357,0.4358701586275079,0.4358676824422557,0.4357860650539181,0.0035558998409639,0.0098049473411898,0.0,0.0,0.3635311044067829,3
0.0040306790876819,0.0037114879669241,0.4273815762865208,0.5723069378677548,0.4985527405877348,0.4908307145328026,0.4908307145328026,0.4325404195722367,0.432537808473496,0.4324675015047143,0.0039342945832381,0.0101792551227132,0.0,0.0,0.363629061434035,3
0.0040311673689319,0.003839937491558,0.4262902325500141,0.5733989778936976,0.4985582248175242,0.4908316732779226,0.4908316732779226,0.4317135799081426,0.4317109353077306,0.431643436938467,0.0040707569283449,0.0103142435671916,0.0,0.0,0.3636644854958722,3
0.0040321439314319,0.0041833277090472,0.4241143744509252,0.5755747253293579,0.4985658635560988,0.4908330086711524,0.4908330086711524,0.4300650743674152,0.4300623629732907,0.4300004642288014,0.0044508971842587,0.0106902780094348,0.0,0.0,0.3637633359861913,3
0.0040323880720569,0.0042978120275092,0.4235726680331383,0.576116896351806,0.4985688245768473,0.4908335263125172,0.4908335263125172,0.429654658655303,0.429651930632063,0.4295914259829725,0.004587166253854,0.0108250752659292,0.0,0.0,0.3637988179587901,3
0.0040328763533069,0.0046168516875117,0.4224903713271934,0.5771990836477963,0.4985724767795365,0.4908341647853092,0.4908341647853092,0.4288346724408627,0.4288319111936375,0.4287741918643458,0.0049751920668253,0.0112089100950132,0.0,0.0,0.3638999435342414,3
0.0040329984236194,0.0047225589175195,0.4222205297646285,0.5774691778515191,0.4985739923300247,0.4908344297316536,0.4908344297316536,0.4286302307851389,0.4286274612544007,0.4285704363701879,0.0051161737833423,0.0113483690981371,0.0,0.0,0.3639367098995593,3
0.0040332425642444,0.0050153203610708,0.4216808508896826,0.5780088186642467,0.4985758401066995,0.4908347527572995,0.4908347527572995,0.4282213502070544,0.4282185641094007,0.428162928106061,0.0055358960355797,0.01176355802002,0.0,0.0,0.3640462204987337,3
0.0040333035994007,0.0051115819987769,0.4215461607096835,0.5781436143221963,0.4985765497961507,0.490834876824183,0.490834876824183,0.4281193037988207,0.4281165135664775,0.4280612241932107,0.0056889644066696,0.0119149731323435,0.0,0.0,0.3640861701343672,3
0.0040334256697132,0.0053750749871617,0.4212767115815761,0.5784130676286476,0.498577518123517,0.4908350461057726,0.4908350461057726,0.4279151582378182,0.4279123597339591,0.4278577638,0.0061772261976006,0.012397961312009,0.0,0.0,0.3642136341937083,3
0.0040335922434575,0.0064208394955946,0.4209094323598979,0.5787804582496654,0.4985790443862332,0.4908353129248133,0.4908353129248133,0.4276368850609754,0.4276340752821173,0.4275804245833039,0.0089878473062051,0.0151782255026311,0.0,0.0,0.3649475993767598,3
0.0040337896895329,0.0152598840031419,0.4204745625237252,0.579215492792273,0.4985806950539202,0.490835601492151,0.490835601492151,0.4273073222286613,0.4273044990966632,0.4272519678531109,0.0346404976632089,0.0405538070649353,0.0,0.0,0.3716471040069971,3
0.0040339781060534,0.0657086809941394,0.4200606393871236,0.5796301776866692,0.4985823963100326,0.490835898903284,0.490835898903284,0.4269932208074122,0.4269903849487356,0.4269389206413,0.1759189454600605,0.1803063365374287,0.0,0.0,0.4085440960732739,3
0.0040341897838302,0.3506784090021572,0.4195987034875976,0.5800955254796625,0.4985842209026541,0.4908362178759273,0.4908362178759273,0.4266407162883475,0.4266378661469858,0.4265875992228706,0.8909065123907519,0.8875714755459457,0.0,0.0,0.5952741776060311,3
0.0040343328022157,0.6070606738366393,0.4192848632451334,0.5804096133149228,0.4985854317412501,0.4908364295529794,0.4908364295529794,0.4264027856334014,0.4263999258516281,0.4263504671276416,0.9346633667009392,0.9308557214232872,0.0,0.0,0.6067019017890252,3
0.0040344647356042,0.7514257599850963,0.4189954964922373,0.5806991266705686,0.4985865505325857,0.4908366251384626,0.4908366251384626,0.4261834721700237,0.4261806035021654,0.426131889739644,0.9571240264322252,0.953073788368514,0.0,0.0,0.6125677968951377,3
0.0040346260387373,0.861792501415657,0.41864199607859,0.5810527872036297,0.498587958841302,0.4908368713369556,0.4908368713369556,0.4259155806839927,0.4259127011617779,0.4258648973699935,0.9762384003634176,0.9719817120314944,0.0,0.0,0.617559744541879,3
0.0040348767429871,0.9473796003739752,0.4180931450577669,0.5816017999149046,0.4985901111996127,0.4908372476091225,0.4908372476091225,0.4254997026546852,0.4254968062820341,0.4254504151399852,0.9903346721008022,0.985925732950126,0.0,0.0,0.6212410978851568,3
0.0040352480902492,0.9906238502573188,0.4172816077472639,0.5824135164465363,0.4985932956873142,0.4908378043166568,0.4908378043166568,0.424884829185335,0.4248819078994029,0.4248376053525252,0.9974572131477624,0.9929713449532792,0.0,0.0,0.6231011007137899,3
0.0040356384430938,1.0,0.4164304457821201,0.5832648413298713,0.4985966324446238,0.4908383876437437,0.4908383876437437,0.424239954427526,0.4242370070127287,0.4241948949690557,0.9990041530309166,0.9945015766693266,0.0,0.0,0.6235049403826374,3
0.0040362159265675,0.9968582013318932,0.4151749173099148,0.584520600542132,0.4986015454834476,0.4908392465340853,0.4908392465340853,0.423288725110076,0.4232857391536201,0.4232468582348179,0.998491350909818,0.9939943132143554,0.0,0.0,0.6233707665093366,3
0.0040372007382676,0.992380239519285,0.4130441151495497,0.586651805365789,0.4986098609342657,0.4908407002291708,0.4908407002291708,0.4216743594042809,0.4216713080373813,0.4216379107775522,0.9977616237969048,0.9932724677280508,0.0,0.0,0.6231797666829257,3
0.004039170361668,0.9938497616439922,0.4088226973400919,0.5908740727974078,0.4986262586269738,0.4908435668500943,0.4908435668500943,0.4184760685988346,0.4184728876444319,0.4184503543022466,0.9980183216432088,0.9935263930357716,0.0,0.0,0.6232459748781574,3
0.0040431096084687,0.9929847592784512,0.4005495678301183,0.5991490305240876,0.4986580622514176,0.4908491267137225,0.4908491267137225,0.4122080643340534,0.4122046294143077,0.4122033871573502,0.997903831395517,0.9934131393727792,0.0,0.0,0.6232144425122865,3
0.00405098810207,0.993760343410148,0.3847523209039044,0.6149504514788549,0.4987174503133618,0.4908595088488195,0.4908595088488195,0.4002395314380423,0.4002356115804385,0.4002750238991925,0.998081648893286,0.9935890363017532,0.0,0.0,0.6232577671355448,3
0.00406661310207,0.9932160612794594,0.3568944429844697,0.6428184199623901,0.4988165796818289,0.4908768385016456,0.4908768385016456,0.3791334544229622,0.3791286793948984,0.379239784594763,0.9980719902064484,0.9935794819363284,0.0,0.0,0.6232497510855319,3
0.00408223810207,0.9938796288276168,0.3345270128714558,0.6651975090747761,0.4988866077583362,0.4908890807087001,0.4908890807087001,0.3621871270274885,0.3621816653726025,0.3623503336636259,0.9982386934330988,0.993744384637051,0.0,0.0,0.6232888774126799,3
0.00409786310207,0.993372669786587,0.3185105080681815,0.6812277029717619,0.4989268204812731,0.4908961106387648,0.4908961106387648,0.3500524776855925,0.3500465243621861,0.3502564114913651,0.9981932257515004,0.9936994080421654,0.0,0.0,0.6232738443858541,3
0.00411348810207,0.9939108862204205,0.3094595273508035,0.6902929702917222,0.4989337064077546,0.4908973144264733,0.4908973144264733,0.3431951460654224,0.3431889148984626,0.343422094933293,0.9983023021535528,0.9938073063333082,0.0,0.0,0.6233005465519903,3
0.00412911310207,0.9934387089818492,0.307722794665951,0.692044937895411,0.4989089561026416,0.4908929876139295,0.4908929876139295,0.3418793384976452,0.3418730540171416,0.3421107035720752,0.9982284214121352,0.9937342235619906,0.0,0.0,0.6232809089610425,3
0.00414473810207,0.9938673391101416,0.313366154947429,0.6864162786503338,0.4988515763698586,0.4908829565720318,0.4908829565720318,0.3461549402345349,0.3461488289917344,0.3463719552315688,0.998286321988846,0.9937914987669456,0.0,0.0,0.6232971434636225,3
0.00416036310207,0.9934204323450544,0.326173627080453,0.6736232987746906,0.498765705849399,0.4908679448118383,0.4908679448118383,0.3558583176629453,0.3558525995790312,0.3560427654973503,0.9981830796949948,0.993689371571048,0.0,0.0,0.6232727057406335,3
0.00417598810207,0.9937464962476792,0.3456521400650371,0.6541576253107166,0.4986527216438134,0.4908481930764252,0.4908481930764252,0.3706159024469136,0.3706107823069262,0.3707508198299665,0.9981887600122208,0.9936949905363814,0.0,0.0,0.62327803037868,3
0.00419161310207,0.9933095541762912,0.3710540259416613,0.6287673131731566,0.4985188778929608,0.4908247947054773,0.4908247947054773,0.3898612367790329,0.3898568964164243,0.3899315616078266,0.9980481897218264,0.9935559385156546,0.0,0.0,0.623246327466352,3
0.00420723810207,0.9935296733305324,0.401402227049818,0.5984280978184056,0.4983674164992413,0.4907983164436836,0.4907983164436836,0.4128540676886114,0.4128506589434592,0.4128472223496924,0.997991215809339,0.9934995799662212,0.0,0.0,0.6232374324602337,3
0.00422286310207,0.9930741663737208,0.4355313498025121,0.5643058982781193,0.4982060491762059,0.4907701064416536,0.4907701064416536,0.4387114541068124,0.4387090930444208,0.4386178243760821,0.99779092532334,0.9933014527749606,0.0,0.0,0.6231918536843095,3
0.00423848810207,0.993159620842754,0.4721289631876231,0.527712011544681,0.4980390964931498,0.4907409200150629,0.4907409200150629,0.4664390529349869,0.4664378153321291,0.4662523618730853,0.9976361775418516,0.9931483763911914,0.0,0.0,0.6231586558799029,3
0.00425411310207,0.9926108866167986,0.5097895026112331,0.4900527201631682,0.4978748446644152,0.4907122057479184,0.4907122057479184,0.4949719613490307,0.4949718798350279,0.4946895061188845,0.9973060251638662,0.9928217899184892,0.0,0.0,0.6230798580324248,3
0.00426973810207,0.9924007305922592,0.5470648357348018,0.4527752495817986,0.4977177457999509,0.4906847419516424,0.4906847419516424,0.5232130246749055,0.5232140874248555,0.5228357847876715,0.9968843224113486,0.9924046418872864,0.0,0.0,0.6229770744123162,3
0.00428536310207,0.990939035987544,0.5825233414169007,0.4173121520895669,0.4975756868744123,0.4906599074157375,0.4906599074157375,0.5500776007463735,0.5500797519881288,0.5496101960660732,0.995588114068644,0.9911224336139,0.0,0.0,0.6226455417200891,3
0.00428731622707,0.990622117330818,0.5867590727303982,0.4130758377331469,0.4975596187355373,0.4906570984069385,0.4906570984069385,0.5532867368924586,0.5532890181611455,0.5528085614821172,0.9950646526408068,0.9906046259810845,0.0,0.0,0.6225096668707666,3
0.00428780450832,0.9903528946251084,0.5878096684509689,0.4120248402783449,0.4975551117224599,0.4906563104974307,0.4906563104974307,0.5540827048825594,0.5540850184020674,0.5536018579880702,0.9948119741076432,0.9903546765747616,0.0,0.0,0.6224438831004422,3
0.00428878107082,0.989363984623559,0.5899014280300381,0.4099328201431267,0.4975473585482355,0.4906549550987261,0.4906549550987261,0.5556674975344669,0.5556698752661854,0.5551813316466262,0.9935787577920292,0.9891347799650424,0.0,0.0,0.6221222218862883,3
0.004289025211445,0.9875829282735152,0.5904220617553176,0.4094119219146747,0.4975450475203229,0.4906545510881688,0.4906545510881688,0.556061963537998,0.5560643572525859,0.5555744737154157,0.9890042467133284,0.9846096772029588,0.0,0.0,0.6209276195233766,3
0.0042890862466013,0.9865395108643734,0.5905521833441408,0.4092818303755728,0.4975446977576583,0.4906544899431657,0.4906544899431657,0.5561605586204446,0.5561629563298821,0.5556727378860631,0.9860223963601658,0.9816600331782586,0.0,0.0,0.620148888381028,3
0.0042892083169138,0.981510475537148,0.5908120582576897,0.4090218074547966,0.4975436370287545,0.4906543045080728,0.4906543045080728,0.5563575007283469,0.5563599064174327,0.5558690190029131,0.9712980892936488,0.9670947602058774,0.0,0.0,0.6163034568147236,3
0.004289392780054,0.9447657913840216,0.5912040302258169,0.4086292874089501,0.4975421534673532,0.4906540451540143,0.4906540451540143,0.5566548370882672,0.5566572548247494,0.5561653574214815,0.8679769803744122,0.8648896005050211,0.0,0.0,0.5893196124364088,3
0.0042894388172401,0.926063286825138,0.5913016384526721,0.4085314011120828,0.4975417433287687,0.4906539734541801,0.4906539734541801,0.5567289724066345,0.5567313931469118,0.5562392439216421,0.8158981985937607,0.8133733105174816,0.0,0.0,0.5757184442488741,3
0.0042895308916124,0.860026004847524,0.5914964276533916,0.4083357203791185,0.4975409915433824,0.4906538420281462,0.4906538420281462,0.5568771971504094,0.5568796238964178,0.556386971183033,0.6331112530241212,0.6325606076865453,0.0,0.0,0.5279808163313939,3
0.0042896922265853,0.611243191552259,0.5918364459218383,0.4079931398185784,0.4975396348622696,0.4906536048551163,0.4906536048551163,0.5571366813542433,0.5571391186139641,0.5566455844876024,0.1024827056870759,0.10766326589738,0.0,0.0,0.3893989487765638,3
0.0042897770123245,0.4541539040426842,0.592016192713744,0.4078132562777063,0.4975389965083403,0.4906534932590055,0.4906534932590055,0.5572729579944375,0.5572754007757794,0.5567814037464842,0.0757786459236084,0.081247630976932,0.0,0.0,0.382424801844837,3
0.0042898545766189,0.3462783108914269,0.59218054674923,0.4076487855760382,0.4975383561906019,0.4906533813195846,0.4906533813195846,0.5573975381928409,0.5573999860218903,0.5569055658200015,0.0588011540093062,0.0644535093248153,0.0,0.0,0.3779908970197448,3
0.0042899437547405,0.2534646309225447,0.5923694191199251,0.4074597968331595,0.4975376243308225,0.4906532533769164,0.4906532533769164,0.557540691070385,0.5575431446996649,0.5570482382377182,0.042742567168118,0.048568367848482,0.0,0.0,0.3737969834445937,3
0.0042900850444467,0.1516548048272278,0.5926684669405512,0.4071606097682078,0.4975364739704111,0.490653052272573,0.490653052272573,0.557767318161078,0.5577697809727747,0.5572741047065173,0.0262480765674836,0.0322520307160586,0.0,0.0,0.3694892485194216,3
0.0042902355565634,0.0868153026742674,0.5929867431824742,0.406842215777121,0.4975352475402683,0.4906528378698293,0.4906528378698293,0.55800849280154,0.5580109653850871,0.5575144698995681,0.0155719419832931,0.0216912067800906,0.0,0.0,0.3667010719540057,3
0.0042904051298968,0.0478001641046155,0.5933449531044913,0.4064838988508623,0.4975338677718621,0.490652596660712,0.490652596660712,0.558279907541342,0.558282391122,0.5577849736979957,0.009146050383889,0.0153347198626799,0.0,0.0,0.3650229206161438,3
0.0042905519820333,0.0288560186407167,0.5936548345798422,0.4061739359528751,0.497532675104134,0.4906523881602648,0.4906523881602648,0.5585146953230379,0.5585171884167651,0.5580189734683083,0.0060262910296955,0.0122486563625985,0.0,0.0,0.3642082078321527,3
0.0042907092849334,0.0170099088833806,0.5939864204311344,0.4058422689045984,0.497531399212634,0.490652165110758,0.490652165110758,0.5587659229542491,0.5587684262271513,0.5582693579115489,0.0040740120842965,0.0103174635648994,0.0,0.0,0.3636984050753459,3
0.0042908727572031,0.0100577281904743,0.5943306251298159,0.4054979837938894,0.4975300758624494,0.4906519337645927,0.4906519337645927,0.5590267082030439,0.559029222042374,0.5585292678944199,0.0029286505020525,0.0091844727883488,0.0,0.0,0.3633993438819934,3
0.0042910455908692,0.0060193380607033,0.5946941094360957,0.4051344165466594,0.4975286789575239,0.4906516895596939,0.4906516895596939,0.5593020986483936,0.5593046236459212,0.5588037340548506,0.0022618308491913,0.0085248553120631,0.0,0.0,0.3632252651911823,3
0.0042913110605533,0.0030561992326276,0.5952515453035231,0.4045768552320429,0.4975265386272225,0.4906513153902462,0.4906513153902462,0.5597244327746229,0.5597269748841731,0.5592246507133709,0.0017725095985367,0.008040819115672,0.0,0.0,0.3630975812279498,3
0.0042916368831475,0.0018089228199197,0.5959342595395225,0.4038939877565702,0.4975239200680095,0.4906508576175117,0.4906508576175117,0.560241681066828,0.560244244134108,0.5597401629802203,0.0015641221731265,0.0078346824383126,0.0,0.0,0.3630432922266353,3
0.0042921092830755,0.0013776140241674,0.596921240357109,0.4029067837511228,0.4975201401173708,0.4906501968120079,0.4906501968120079,0.5609894516085464,0.560992044973796,0.5604854238014809,0.0014901488834973,0.0077615081183771,0.0,0.0,0.3630241675776228,3
0.0042927316715212,0.0013245911605461,0.5982163589876919,0.4016113678223107,0.4975151904651795,0.4906493315209705,0.4906493315209705,0.5619706776391609,0.5619733107614678,0.5614633565717898,0.0014762573312544,0.0077477666058214,0.0,0.0,0.3630207949772538,3
0.0042938226147418,0.001317548194546,0.6004719089558893,0.3993552859501343,0.497506596870672,0.4906478292012075,0.4906478292012075,0.5636795591409806,0.5636822615032974,0.5631665026044708,0.0014677294489509,0.0077393308313524,0.0,0.0,0.3630190125787449,3
0.0042958869178126,0.0012992249106902,0.6046877718756589,0.3951383804636451,0.4974906309143749,0.4906450380558189,0.4906450380558189,0.5668736405298829,0.5668764723091466,0.5663498637911745,0.0014496119096358,0.0077214089757077,0.0,0.0,0.3630151122623644,3
0.0043000155239543,0.0012669252225269,0.612904910266885,0.386919016144081,0.4974598899712741,0.4906396639686062,0.4906396639686062,0.5730992245346144,0.5731023085604483,0.5725545530499025,0.0014173867117802,0.0076895318353279,0.0,0.0,0.3630083165562773,3
0.0043082727362377,0.0012081949627076,0.6284045159313646,0.3714144291362323,0.4974034736282378,0.4906298013451107,0.4906298013451107,0.5848422538539053,0.584845813680703,0.584258169582417,0.0013585164601513,0.0076312974287067,0.0,0.0,0.3629959981701157,3
0.0043238977362377,0.0011212817464451,0.6538236767839236,0.3459841638043315,0.4973171055511298,0.4906147026027835,0.4906147026027835,0.6041006761057108,0.6041050162401802,0.6034519553533604,0.0012718372826653,0.0075455544544939,0.0,0.0,0.3629783731704097,3
0.0043395227362377,0.0010604824479598,0.6733231166418988,0.3264721930988669,0.4972611062568224,0.4906049128871437,0.4906049128871437,0.6188741160368557,0.6188790547576664,0.6181758116189852,0.0012109470562107,0.0074853218903634,0.0,0.0,0.362966315997759,3
0.0043551477362377,0.0010233031857294,0.6861526952990732,0.3136283511116103,0.4972359229449976,0.4906005103769927,0.4906005103769927,0.6285942418860777,0.6285995744443829,0.627863314093342,0.0011741477626568,0.0074489200581153,0.0,0.0,0.3629592352616439,3
0.0043707727362377,0.0010070577785749,0.6918201607045817,0.3079462194872222,0.4972442187581944,0.4906019606390576,0.4906019606390576,0.6328881067477418,0.6328936132837306,0.6321427675816169,0.0011579282262582,0.0074328757054634,0.0,0.0,0.3629561168922771,3
0.0043863977362377,0.0010115683795685,0.6901069364039734,0.3096441593574519,0.4972839889471983,0.4906089132059802,0.4906089132059802,0.631590109653527,0.631595563597612,0.6308491269171888,0.0011630000693702,0.0074378927686817,0.0,0.0,0.3629571036379947,3
0.0044020227362377,0.0010365357120165,0.6810796334703689,0.3186569198453021,0.4973553817697933,0.490621393995972,0.490621393995972,0.6247507174251804,0.6247558942525756,0.6240326895414825,0.0011881686663368,0.0074627895250109,0.0,0.0,0.3629618966392507,3
0.0044176477362377,0.0010836233012957,0.6650843957746922,0.3346381456196391,0.4974539863351106,0.4906386319034704,0.4906386319034704,0.6126321804384318,0.6126368662501427,0.6119548256469416,0.0012360594944841,0.0075101630945573,0.0,0.0,0.3629712498395334,3
0.0044324914862377,0.0011506021626475,0.643992995481565,0.3557183278923499,0.4975715194503927,0.4906591788726977,0.4906591788726977,0.5966526170418435,0.5966566553978208,0.5960288939928795,0.0013035788718855,0.0075769532095918,0.0,0.0,0.3629847243862288,3
0.0044481164862377,0.0012484483176536,0.6164019432290987,0.3832988445515649,0.4977132224553506,0.4906839511870815,0.4906839511870815,0.575748695856125,0.5757518872325389,0.5751951320280981,0.0014023337832531,0.007674641490265,0.0,0.0,0.3630050748586559,3
0.0044637414862377,0.001382033382179,0.5843290759499378,0.415363673582413,0.4978696985113142,0.4907113061048761,0.4907113061048761,0.5514491988446019,0.5514514056604071,0.5509771907096122,0.0015371335653656,0.0078079853287369,0.0,0.0,0.3630339552047577,3
0.0044793664862377,0.0015627476444139,0.5490058579324855,0.450680581587403,0.4980327645136162,0.4907398130675587,0.4907398130675587,0.5246871252505285,0.5246882477276967,0.52430493788253,0.0017195288434299,0.0079884105943795,0.0,0.0,0.3630746248937186,3
0.0044949914862377,0.0018170351941808,0.5117919674822994,0.487892359597853,0.4982007621038939,0.4907691821633186,0.4907691821633186,0.4964926135690652,0.4964925936684479,0.4962050546182283,0.0019763514759875,0.0082424593405641,0.0,0.0,0.3631343596111518,3
0.0045106164862377,0.0022121805560417,0.4741148254274652,0.5255689798534273,0.4983614114688404,0.4907972666529539,0.4907972666529539,0.4679471261898927,0.4679459496907491,0.467755373625714,0.0023762120669001,0.008638001122682,0.0,0.0,0.3632313595734016,3
0.0045262414862377,0.0030672251994085,0.4374250165719058,0.5622625509669961,0.4985143303921644,0.4908239997179651,0.4908239997179651,0.4401496744060153,0.4401473716170544,0.4400512176184457,0.003246315505574,0.0094987067600502,0.0,0.0,0.3634513655021418,3
0.0045281946112377,0.003281241435849,0.4329779460375313,0.5667091101369339,0.4985298265536624,0.4908267087345063,0.4908267087345063,0.4367804215050239,0.4367779822015629,0.4366932728426894,0.003476476473303,0.0097263818083507,0.0,0.0,0.363510598678585,3
0.0045321008612377,0.0041910656059883,0.4242104668048811,0.5754790039771929,0.4985671602510328,0.4908332353574854,0.4908332353574854,0.4301378772649641,0.4301351688206482,0.4300730227801088,0.0044345837175791,0.0106741407410227,0.0,0.0,0.3637590944187917,3
0.0045330774237377,0.0048290937567719,0.4220448951482616,0.5776438773024493,0.4985734295900541,0.4908343313542659,0.4908343313542659,0.4284971636030084,0.4284943886806891,0.4284378157975593,0.0052337175988852,0.0114646433480466,0.0,0.0,0.3639673736683643,3
0.0045333215643627,0.0051618298028398,0.4215064486415148,0.5781832810437504,0.4985774311349686,0.4908350308985605,0.4908350308985605,0.4280892163630169,0.428086424911599,0.4280312377389901,0.005751376694251,0.0119767113181438,0.0,0.0,0.3641024622471105,3
0.0045333825995189,0.005280360389245,0.4213712886930515,0.5783180171771802,0.4985769927766492,0.490834954265393,0.490834954265393,0.4279868138251423,0.4279840182246055,0.4279291788917665,0.0059658787089694,0.0121888965424389,0.0,0.0,0.3641584561458549,3
0.0045335046698314,0.0056573376870554,0.4211021574772443,0.5785873511268294,0.4985783868646534,0.4908351979778417,0.4908351979778417,0.4277829078996442,0.4277801040373009,0.4277259573297785,0.0068010506174381,0.0130150479375951,0.0,0.0,0.3643765212645061,3
0.0045336717678022,0.0077445128937042,0.4207337519053428,0.5789557333752737,0.4985795900448373,0.4908354083160613,0.4908354083160613,0.4275037695001938,0.4275009543277945,0.4274477557943961,0.0129688344504078,0.0191162148554006,0.0,0.0,0.3659872617164421,3
0.004533824720801,0.0160203488333923,0.4203971246464493,0.5792926266017027,0.4985811231336963,0.4908356763284383,0.4908356763284383,0.4272486434333016,0.4272458179237716,0.4271934859996806,0.0372507224962002,0.0431358394172938,0.0,0.0,0.3723287897283781,3
0.0045340070286834,0.0658082097415981,0.4199966036409707,0.579693793875385,0.4985825436155604,0.4908359246550234,0.4908359246550234,0.4269447022195576,0.4269418643950177,0.4268905648949667,0.1767470325168868,0.1811254796029111,0.0,0.0,0.4087603513167679,3
0.004534199426079,0.3313273797545304,0.4195771634673883,0.5801167093154898,0.4985844018892793,0.4908362495157474,0.4908362495157474,0.4266244105556688,0.4266215597536358,0.426571348216647,0.8870232205060361,0.8837301262670424,0.0,0.0,0.5942599910179667,3
0.0045343325215683,0.5804146685875112,0.4192850384896305,0.5804089972290813,0.4985853565127458,0.490836416401641,0.490836416401641,0.4264029337889254,0.4264000740131551,0.4263506147859155,0.9303090717990752,0.9265484563301734,0.0,0.0,0.6055647096872512,3
0.0045344534966981,0.7240980587564615,0.4190197649115038,0.5806744727565485,0.4985865148700199,0.4908366189039844,0.4908366189039844,0.4262018758677645,0.4261990079455824,0.4261502316695909,0.9522793781500346,0.9482814660971493,0.0,0.0,0.6113025460989396,3
0.0045346013619322,0.838066874657012,0.418695668582995,0.5809987043296532,0.49858775557021,0.4908368358013972,0.4908368358013972,0.4259562586067183,0.4259533807326808,0.4259054387665936,0.9723309675546028,0.9681164825694544,0.0,0.0,0.6165392680061577,3
0.0045348493056528,0.9372948513091908,0.4181527844929194,0.5815417547681427,0.4985898745730295,0.4908372062424055,0.4908372062424055,0.4255448933879456,0.4255419988463207,0.4254954542009057,0.9886743667837428,0.9842833602359998,0.0,0.0,0.6208074949751594,3
0.0045351966864686,0.986951838515467,0.4173934540853274,0.5823012611406677,0.4985928576609391,0.4908377277415194,0.4908377277415194,0.4249695699178399,0.4249666520654104,0.4249220616721814,0.9968521671944436,0.9923728339720078,0.0,0.0,0.6229431055669998,3
0.0045355757623323,0.9998477293349872,0.4165666011925841,0.583128274669833,0.4985960992297102,0.4908382944278838,0.4908382944278838,0.4243431104937622,0.4243401672586151,0.4242977048155957,0.9989785912838492,0.994476291009227,0.0,0.0,0.6234982913827147,3
0.0045361061926031,0.9974982506254648,0.41541276708838,0.584282320536951,0.4986006154901945,0.4908390839540099,0.4908390839540099,0.4234689278331971,0.4234659491781476,0.4234264561487956,0.9985958862020766,0.9940977194432608,0.0,0.0,0.6233981144375891,3
0.0045370208654342,0.9923547082529242,0.4134319309204119,0.5862635284852515,0.4986083496275313,0.4908404360247133,0.4908404360247133,0.4219681818595731,0.4219651423976941,0.4219307470851081,0.9977560480056018,0.9932669521596782,0.0,0.0,0.6231783869546292,3
0.0045388502110963,0.993834749616958,0.4095047533925716,0.5901914898521952,0.4986236171849687,0.4908431050770233,0.4908431050770233,0.4189928175095926,0.4189896574926859,0.4189653688637082,0.99801349177312,0.9935216153320776,0.0,0.0,0.6232448479825943,3
0.0045425089024207,0.9929973732115328,0.4017955598066952,0.5979023624258235,0.4986533018477677,0.4908482945068413,0.4908482945068413,0.4131520702966856,0.4131486736259244,0.4131442247803054,0.997901780066731,0.9934111101999572,0.0,0.0,0.623214152483536,3
0.0045498262850693,0.99373332834642,0.3870142946040135,0.6126874352056986,0.4987090663217199,0.4908580431715263,0.4908580431715263,0.4019532797880291,0.4019494293676288,0.4019830204455799,0.998070261759252,0.9935777721577208,0.0,0.0,0.62325523926553,3
0.0045644610503666,0.9932233611712932,0.360426973893483,0.6392839871246225,0.4988045201041848,0.4908747302637235,0.4908747302637235,0.3818098201744715,0.3818051535866892,0.3819071677379664,0.9980635679644492,0.9935711506611652,0.0,0.0,0.6232482480954251,3
0.0045800860503666,0.9938540781512594,0.3372471604235041,0.6624752712011752,0.4988787469375828,0.4908877064913849,0.4908877064913849,0.3642480034897896,0.3642426253369523,0.3644042932663694,0.9982277707110638,0.9937335798890028,0.0,0.0,0.6232865611823315,3
0.0045957110503666,0.9933839164049396,0.3203135946878256,0.6794222741371612,0.4989231802607339,0.490895474260675,0.490895474260675,0.3514185575233374,0.3514126595503934,0.3516179063951973,0.998190914396227,0.9936971216513464,0.0,0.0,0.6232735963053788,3
0.0046113360503666,0.993893564065908,0.3102763754967823,0.6894737321137392,0.4989347054916822,0.4908974890848806,0.4908974890848806,0.3438140180561826,0.3438078119645149,0.3440388898220423,0.998297630294404,0.9938026849339116,0.0,0.0,0.623299487504257,3
0.0046269610503666,0.993453228216911,0.3075218709238922,0.6922433732377922,0.4989142789571312,0.490893918147653,0.490893918147653,0.3417271118179077,0.3417208211695236,0.3419589878063027,0.9982312591169492,0.9937370306173616,0.0,0.0,0.6232816104501155,3
0.0046425860503666,0.99385750358003,0.3121552933606373,0.6876247617541547,0.4988612941686239,0.4908846554235572,0.4908846554235572,0.3452375502549198,0.3452314018415541,0.3454576442611833,0.99828743837965,0.993792603099851,0.0,0.0,0.6232971962463749,3
0.0046582110503666,0.9934386141126826,0.323999219397336,0.6757953883119965,0.4987791710685045,0.4908702987819678,0.4908702987819678,0.3542109123211153,0.3542051274880663,0.3544008892940166,0.9981912103959016,0.9936974144539918,0.0,0.0,0.6232744004101569,3
0.0046738360503666,0.9937444279391914,0.3425978588168513,0.6572098490987106,0.4986696895042759,0.4908511593732508,0.4908511593732508,0.3683018749293844,0.3682966610302405,0.3684445588154973,0.9981961908645977,0.9937023411297096,0.0,0.0,0.6232793687620377,3
0.0046894610503666,0.9933328106422245,0.3672371058594777,0.6325823759633729,0.498538425282176,0.4908282119517888,0.4908282119517888,0.3869694080827323,0.3869649505497715,0.3870494386718288,0.9980628224269512,0.9935704131760584,0.0,0.0,0.623249396334792,3
0.0047050860503666,0.9935371314954968,0.3969694601202024,0.6028593888873286,0.4983890618955575,0.4908021004605621,0.4908021004605621,0.4094956524433187,0.4094921076227836,0.4095000788555271,0.9980069484363188,0.993515142668459,0.0,0.0,0.6232406671463451,3
0.0047207110503666,0.9931062135076956,0.4306529465737801,0.5691831255950666,0.4982286927014132,0.4907740649499814,0.4907740649499814,0.4350154095928571,0.4350128987751092,0.4349341847885206,0.9978156327722691,0.9933258933640138,0.0,0.0,0.6231973444065471,3
0.0047363360503666,0.993182725382207,0.4669925064970207,0.5328477459990428,0.4980621346719682,0.4907449475161642,0.4907449475161642,0.4625474983097937,0.4625461030299523,0.4623738683591694,0.9976665932223896,0.9931784635584634,0.0,0.0,0.6231655865082304,3
0.0047519610503666,0.9926648428262635,0.5045922467979657,0.4952495983600165,0.4978971270470849,0.49071610112183,0.49071610112183,0.491034343175991,0.4910341021186139,0.4907651036588641,0.9973539662535964,0.992869213206754,0.0,0.0,0.6230913537056457,3
0.0047675860503666,0.992474380411225,0.5420066157037798,0.4578335584064716,0.4977386798558014,0.4906884016130097,0.4906884016130097,0.5193807446292964,0.5193816521039345,0.5190163669117971,0.9969651659140312,0.9924846122165724,0.0,0.0,0.6229971904823353,3
0.0047832110503666,0.9912820013764166,0.5777984073033791,0.4220375035706655,0.4975942059300062,0.4906631448902526,0.4906631448902526,0.5464978285257465,0.5464998347232355,0.5460424385305334,0.995934052097093,0.9914646352396284,0.0,0.0,0.6227349570903116,3
0.0047851641753666,0.991166147146706,0.5820889805912526,0.4177464602810172,0.4975779409076128,0.4906603014625617,0.4906603014625617,0.5497485139407665,0.5497506518486694,0.5492822137649129,0.9956592561173953,0.9911928072725852,0.0,0.0,0.622664035922176,3
0.0047856524566166,0.9910176314654282,0.583153653556533,0.4166813396726954,0.4975732215767512,0.4906594764359659,0.4906594764359659,0.550555146822047,0.5505573174128882,0.5500861393677823,0.995550594490202,0.9910853192764068,0.0,0.0,0.6226358671926868,3
0.0047866290191166,0.990778921824208,0.5852742637063459,0.4145605478250556,0.4975654047695528,0.4906581099130369,0.4906581099130369,0.552161794180496,0.552164029869051,0.5516873943825658,0.9952990548877728,0.9908364964994714,0.0,0.0,0.6225705918772069,3
0.0047885821441166,0.9896789322520806,0.5894758891190826,0.4103578769155105,0.4975486053206697,0.4906551730576799,0.4906551730576799,0.5553450930897765,0.5553474577583969,0.5548600092785696,0.9940524022625832,0.9896033087028848,0.0,0.0,0.622245837623383,3
0.0047886431792728,0.989622314267101,0.5896064687766531,0.4102274003185739,0.4975483816087043,0.4906551339486776,0.4906551339486776,0.5554440250056208,0.5554463936827384,0.5549586091521104,0.9939617736882268,0.9895136589883932,0.0,0.0,0.6222221943055108,3
0.0047887652495853,0.9894674475516116,0.5898671680411307,0.4099666056135929,0.4975472829973553,0.4906549418910305,0.4906549418910305,0.5556415406574362,0.5556439173374408,0.5551554618879048,0.993675743672636,0.989230718321878,0.0,0.0,0.6221475445081004,3
0.0047890093902103,0.9880917234676126,0.5903880294239816,0.4094456523064092,0.4975453331775821,0.4906546010263577,0.4906546010263577,0.5560361748298523,0.5560385674995403,0.555548771561159,0.990321746564774,0.9859129470200504,0.0,0.0,0.6212716984804123,3
0.0047890704253666,0.9873245576299982,0.5905180751545974,0.4093155469479972,0.497544780454894,0.4906545044001768,0.4906545044001768,0.5561347094569571,0.556137106119045,0.5556469754793689,0.9881840694120604,0.9837983584614554,0.0,0.0,0.6207134363420592,3
0.0047891924956791,0.983598826792754,0.5907780352159712,0.4090554963291055,0.4975438065709192,0.4906543341471888,0.4906543341471888,0.5563317029881331,0.5563341076319529,0.5558433078469023,0.9771640101987852,0.972897324552827,0.0,0.0,0.617835426987108,3
0.0047894032724368,0.938177935892935,0.5912258514867548,0.4086069753501757,0.4975420359077764,0.4906540246024191,0.4906540246024191,0.5566714340361245,0.5566738524450774,0.5561818986654868,0.8497446276195487,0.8468541714961264,0.0,0.0,0.5845579529921361,3
0.0047894442250557,0.9195889847079436,0.5913126703459602,0.4085199047842373,0.4975417158555517,0.4906539686513521,0.4906539686513521,0.5567373935818235,0.5567398146633078,0.5562476368330865,0.79805651562633,0.7957243317551294,0.0,0.0,0.571058812194978,3
0.0047895261302936,0.858474205579166,0.5914859026509174,0.4083458363488456,0.4975410195354577,0.4906538469216803,0.4906538469216803,0.5568692377482279,0.5568716641717394,0.556379038494761,0.6289511731917673,0.6284454599874784,0.0,0.0,0.5268943444189729,3
0.0047896899407694,0.6063681080354492,0.5918312115432482,0.4079979909092504,0.4975396671622012,0.4906536105017435,0.4906536105017435,0.5571327185905343,0.557135155689693,0.5566416350240017,0.101639326674227,0.1068289960410242,0.0,0.0,0.3891786861398957,3
0.0047897708292453,0.4568078815896877,0.5920026929245347,0.4078263709181169,0.4975390398171924,0.4906535008301964,0.4906535008301964,0.5572627285127644,0.5572651708796308,0.556771208597722,0.0762262975285403,0.0816904475925393,0.0,0.0,0.3825417103925311,3
0.0047898467395172,0.3503398748729219,0.5921635558301747,0.4076653997255006,0.4975384276331787,0.4906533938090726,0.4906533938090726,0.5573846630528329,0.5573871103602107,0.5568927338924502,0.0594354579036904,0.0650809622383829,0.0,0.0,0.3781565520402619,3
0.0047899341607598,0.2580343560369721,0.5923487129777123,0.4074801230885196,0.4975377002834142,0.4906532666548386,0.4906532666548386,0.5575250006970127,0.5575274536905543,0.5570326005254884,0.043505304504143,0.0493228670215327,0.0,0.0,0.3739961801321433,3
0.0047900771285936,0.1534304474897893,0.5926513312311229,0.4071773642002141,0.4975365394634816,0.490653063721977,0.490653063721977,0.55775433453058,0.5577567968162093,0.5572611646525994,0.0265405801082235,0.0325413749885611,0.0,0.0,0.3695656370094336,3
0.004790227205711,0.087957521693064,0.5929687053541882,0.4068598724863191,0.4975353174141754,0.4906528500850846,0.4906528500850846,0.5579948260638332,0.557997298093635,0.5575008490311344,0.0157600736445686,0.0218773064714952,0.0,0.0,0.3667502019193034,3
0.0047904005697918,0.0477423763146289,0.5933349390103788,0.4064935290324115,0.4975339063517987,0.4906526034052008,0.4906526034052008,0.5582723205560496,0.5582748038293001,0.5577774121766806,0.0091365827000454,0.0153253544372664,0.0,0.0,0.3650204460078395,3
0.0047905472027853,0.0288442985319785,0.5936443683496541,0.4061840185557664,0.4975327157123161,0.4906523952593284,0.4906523952593284,0.5585067657573282,0.5585092585297675,0.5580110705163687,0.0060243883705712,0.0122467742536889,0.0,0.0,0.3642077088590738,3
0.0047907045226479,0.0170022525073249,0.5939760009881783,0.4058523046049047,0.4975314393586436,0.4906521721290254,0.4906521721290254,0.558758028833699,0.5587605317867492,0.5582614902858053,0.0040728003802574,0.0103162649482166,0.0,0.0,0.363698086565208,3
0.0047908669415806,0.0100883822369919,0.5943180006985872,0.4055102251080929,0.497530124682676,0.490651942299274,0.490651942299274,0.5590171434860476,0.559019656937837,0.5585197352792042,0.0029337325923477,0.0091894999880727,0.0,0.0,0.3634006686597469,3
0.0047910401296309,0.0060294349952696,0.5946822448173287,0.4051458977921475,0.4975287246368931,0.4906516975452952,0.4906516975452952,0.5592931096030863,0.559295634236398,0.5587947751792138,0.0022635471813697,0.0085265531065044,0.0,0.0,0.3632257110984575,3
0.0047913048278627,0.0030658438653394,0.5952380841213614,0.4045899334949155,0.4975265905607915,0.4906513244691975,0.4906513244691975,0.5597142341188351,0.5597167758151589,0.5592144862870341,0.0017741352856926,0.0080424272441284,0.0,0.0,0.3630980031470215,3
0.0047916310986282,0.0018105188709696,0.5959217670203362,0.4039060970903016,0.4975239680682009,0.4906508660088357,0.4906508660088357,0.5602322163077176,0.560234778991507,0.5597307299874048,0.0015644406445779,0.007834997470022,0.0,0.0,0.3630433729369233,3
0.0047921019691864,0.0013785915200555,0.5969055996860135,0.4029220420632297,0.4975202002337049,0.4906502073214586,0.4906502073214586,0.5609776017027325,0.5609801945878506,0.5604736136671603,0.0014903549052469,0.0077617119149297,0.0,0.0,0.3630242182991036,3
0.0047927245249564,0.001324612131408,0.5982011359385095,0.4016262084124989,0.4975152486957461,0.4906493417007539,0.4906493417007539,0.5619591441384187,0.5619617767934143,0.5614518617805999,0.0014763254019962,0.0077478339413457,0.0,0.0,0.3630208097530279,3
0.0047938111373947,0.0013176590186163,0.6004478912264963,0.3993789235225132,0.4975066884685666,0.4906478452142189,0.4906478452142189,0.5636613624909124,0.563664064115942,0.5631483670272884,0.0014678211928701,0.007739421584365,0.0,0.0,0.363019031802841,3
0.0047958733084297,0.0012993334497141,0.6046598200288827,0.3951659534225663,0.4974907364165344,0.4906450564995538,0.4906450564995538,0.5668524632583907,0.5668552941795993,0.5663287575963408,0.0014497355587298,0.0077215312892944,0.0,0.0,0.3630151390431935,3
0.0047999976504996,0.0012670684939137,0.6128695915196801,0.3869539590857612,0.4974600211893136,0.4906396869079541,0.4906396869079541,0.5730724658484471,0.5730755487900796,0.572527884173133,0.0014175161614037,0.0076896598867936,0.0,0.0,0.3630083433992632,3
0.0048082463346396,0.0012083628207277,0.6283566916302252,0.3714618845114031,0.4974036441155394,0.4906298311494542,0.4906298311494542,0.5848060205340021,0.5848095788927076,0.5842220578713485,0.0013586974279165,0.0076314764418777,0.0,0.0,0.3629960360017919,3
0.0048238713346396,0.0011214138730477,0.6537850880007939,0.3460223868544879,0.4973172279650226,0.4906147240030032,0.4906147240030032,0.6040714399289975,0.6040757788788831,0.6034228173011742,0.0012719565421303,0.0075456724258629,0.0,0.0,0.3629783967072299,3
0.0048394963346396,0.0010605585215002,0.6732952321483233,0.3264997149336272,0.4972611773558291,0.4906049253165691,0.4906049253165691,0.6188529897945676,0.6188579276593907,0.6181547562820877,0.0012110352020433,0.0074854090841517,0.0,0.0,0.3629663335196387,3
0.0048551213346396,0.0010233557843725,0.6861365712221755,0.3136441140822985,0.4972359386712104,0.4906005131262264,0.4906005131262264,0.6285820257361502,0.6285873577994847,0.6278511389441221,0.0011741881419356,0.0074489600012662,0.0,0.0,0.362959242627679,3
0.0048707463346396,0.0010070625125205,0.6918164025064707,0.3079496178317155,0.4972441799525411,0.4906019538551094,0.4906019538551094,0.6328852594088067,0.6328907658294278,0.6321399297991225,0.001157943961252,0.0074328912705069,0.0,0.0,0.3629561202606057,3
0.0048863713346396,0.0010115504862577,0.6901156730643357,0.309635062479277,0.4972838957927381,0.4906088969208523,0.4906088969208523,0.6315967288450612,0.6316021830573408,0.6308557238929234,0.0011629704187118,0.0074378634382738,0.0,0.0,0.362957097617119,3
0.0049019963346396,0.0010364714567486,0.6811005150636436,0.3186356773323857,0.497355239274357,0.4906213690851259,0.4906213690851259,0.6247665380315879,0.6247717154999982,0.6240484570496502,0.0011881143715913,0.0074627358166914,0.0,0.0,0.3629618865771499,3
0.0049176213346396,0.0010835298189377,0.6651166043998021,0.3346055738098393,0.4974537986836624,0.4906385990985156,0.4906385990985156,0.6126565827900942,0.6126612695905331,0.6119791460977029,0.0012359544442491,0.0075100591789475,0.0,0.0,0.3629712287555175,3
0.0049324650846396,0.0011504626796447,0.6440348110948142,0.3556761464419429,0.4975712961765546,0.4906591398402882,0.4906591398402882,0.596684297975026,0.5966883376146429,0.59606046859627,0.0013034378737988,0.0075768137343954,0.0,0.0,0.3629846958083539,3
0.0049480900846396,0.001248257564194,0.6164522843027829,0.3832481342827906,0.4977129704680467,0.4906839071350255,0.4906839071350255,0.5757868359686604,0.5757900288904254,0.5752331441320865,0.0014021413995405,0.0076744511844478,0.0,0.0,0.3630050345418306,3
0.0049637150846396,0.0013817748761924,0.584385992969546,0.4153063832624625,0.4978694272471258,0.490711258682863,0.490711258682863,0.5514923211179642,0.5514945296809862,0.5510201682529462,0.0015368726879597,0.0078077272690121,0.0,0.0,0.363033898296501,3
0.0049793400846396,0.0015623928350707,0.5490671489557809,0.4506189128511433,0.4980324848539812,0.4907397641778658,0.4907397641778658,0.5247335614183907,0.5247346857770472,0.5243512181980363,0.0017191706901126,0.0079880563093996,0.0,0.0,0.363074543442886,3
0.0049949650846396,0.0018165200636005,0.5118552620058313,0.4878286823402344,0.498200484142234,0.4907691335704633,0.4907691335704633,0.4965405676575125,0.4965405496998862,0.4962528477597672,0.001975830851439,0.0082419443391701,0.0,0.0,0.3631342361235057,3
0.005,0.0019220710496917,0.4996942040570802,0.4999883530570109,0.4982511062681127,0.4907779832572954,0.4907779832572954,0.4873269356167141,0.4873265443435757,0.4870701391634385,0.0020827232354729,0.0083476822014064,0.0,0.0,0.3631597545965053,3
