TIME1,V1,V2,V3,V4,V5,V6,V7,V8,V9,V14,V10,V11,V12,V13,label
0.0,0.4999045542858294,0.4980857527130573,0.4980857527130573,0.4980857527130573,0.4872737121611,0.4872737121611,0.4872737121611,0.4872733280355368,0.484037425022167,0.484037425022167,0.485097534345894,0.0,0.0,0.4838984192551858,2
1e-07,0.5001664112122934,0.4981660275665507,0.4981660275665507,0.4981660275665507,0.4872030304489243,0.4872030304489243,0.4872030304489243,0.4872026423631892,0.4838155612291588,0.4838155612291588,0.4850329279879524,0.0,0.0,0.4836763145964325,2
2e-07,0.5004282677252495,0.4981704450476805,0.4981704450476805,0.4981704450476805,0.487112457016952,0.487112457016952,0.487112457016952,0.4871120656339558,0.4836625400222102,0.4836625400222102,0.4849427807668047,0.0,0.0,0.4835230855485946,2
4e-07,0.5009519778566107,0.498171149003511,0.498171149003511,0.498171149003511,0.4869291790831488,0.4869291790831488,0.4869291790831488,0.4869287798476177,0.4832657094202399,0.4832657094202399,0.4847000045380406,0.0,0.0,0.4831257674230138,2
8e-07,0.5019993749630476,0.4981732993244341,0.4981732993244341,0.4981732993244341,0.486562826563002,0.486562826563002,0.486562826563002,0.4865624132551741,0.4825924430859113,0.4825924430859113,0.4840642533773892,0.0,0.0,0.4824516186956393,2
1.6e-06,0.5040939839295228,0.4981775259388676,0.4981775259388676,0.4981775259388676,0.4858301692275956,0.4858301692275956,0.4858301692275956,0.4858297251938291,0.481055202297286,0.481055202297286,0.4826180557314461,0.0,0.0,0.4809124667235114,2
3.2e-06,0.5082817200156476,0.4981857644261218,0.4981857644261218,0.4981857644261218,0.4843653262430067,0.4843653262430067,0.4843653262430067,0.4843648239295249,0.4782145480191769,0.4782145480191769,0.4797317979762545,0.0,0.0,0.478068170105109,2
6.4e-06,0.5166453413923175,0.4982024223520089,0.4982024223520089,0.4982024223520089,0.481439874728296,0.481439874728296,0.481439874728296,0.4814392524925825,0.4722806281431255,0.4722806281431255,0.4739409831497359,0.0,0.0,0.4721267757912636,2
1.24799999999e-05,0.5324505115582953,0.4982333303747892,0.4982333303747892,0.4982333303747892,0.4759114776205106,0.4759114776205106,0.4759114776205106,0.4759106317424903,0.4612871875549738,0.4612871875549738,0.4630213437995083,0.0,0.0,0.4611193794392053,2
2.46399999999e-05,0.5634000581955866,0.4982925771675628,0.4982925771675628,0.4982925771675628,0.4650859965283541,0.4650859965283541,0.4650859965283541,0.4650847114459145,0.4396659466096081,0.4396659466096081,0.4416210940656101,0.0,0.0,0.4394707384476236,2
4.02649999999e-05,0.6008995178206722,0.4983613676433474,0.4983613676433474,0.4983613676433474,0.4519697287513918,0.4519697287513918,0.4519697287513918,0.4519679115891792,0.4134742198107022,0.4134742198107022,0.415679565308009,0.0,0.0,0.4132458171465259,2
5.58899999999e-05,0.6345177976357419,0.4984184666798557,0.4984184666798557,0.4984184666798557,0.4402110135962953,0.4402110135962953,0.4402110135962953,0.4402087194566453,0.3899956872325235,0.3899956872325235,0.3924023758577311,0.0,0.0,0.3897375275208993,2
7.1515e-05,0.6629629660008509,0.4984644159773324,0.4984644159773324,0.4984644159773324,0.4302624432817278,0.4302624432817278,0.4302624432817278,0.4302597456208767,0.3701336719006852,0.3701336719006852,0.3726974659122195,0.0,0.0,0.3698503376635955,2
8.714e-05,0.6851418910479624,0.4984941659868602,0.4984941659868602,0.4984941659868602,0.4225054746083631,0.4225054746083631,0.4225054746083631,0.4225024623698055,0.3546508555361545,0.3546508555361545,0.3573068767514848,0.0,0.0,0.3543478954154863,2
0.000102765,0.7002022491256006,0.4985098539213881,0.4985098539213881,0.4985098539213881,0.417239063679084,0.417239063679084,0.417239063679084,0.4172358379149128,0.3441428187142937,0.3441428187142937,0.3468363430823961,0.0,0.0,0.3438265368704729,2
0.00011839,0.7075652791187876,0.4985075996835837,0.4985075996835837,0.4985075996835837,0.4146647362460396,0.4146647362460396,0.4146647362460396,0.4146614061947145,0.339012812592002,0.339012812592002,0.3416748261082735,0.0,0.0,0.3386900238392652,2
0.000134015,0.7069480239141203,0.4984907638389191,0.4984907638389191,0.4984907638389191,0.4148822806973899,0.4148822806973899,0.4148822806973899,0.4148789596241213,0.3394585298691036,0.3394585298691036,0.342033280186336,0.0,0.0,0.3391363003567222,2
0.0001496399999999,0.6983742042829529,0.4984567227415448,0.4984567227415448,0.4984567227415448,0.4178824791812027,0.4178824791812027,0.4178824791812027,0.4178792799873451,0.345462308004569,0.345462308004569,0.347886095081279,0.0,0.0,0.3451476811249868,2
0.000165265,0.6821733073054587,0.4984100518993322,0.4984100518993322,0.4984100518993322,0.4235508924478954,0.4235508924478954,0.4235508924478954,0.4235479233696597,0.3567939438021054,0.3567939438021054,0.3590194661956237,0.0,0.0,0.3564936720356138,2
0.00018089,0.658967924366914,0.4983492808451069,0.4983492808451069,0.4983492808451069,0.4316688305540919,0.4316688305540919,0.4316688305540919,0.4316661909660543,0.3730174637982811,0.3730174637982811,0.3749951033499003,0.0,0.0,0.3727377467246276,2
0.000196515,0.6296498253199189,0.4982800056401162,0.4982800056401162,0.4982800056401162,0.4419251806391437,0.4419251806391437,0.4419251806391437,0.4419229572719817,0.393509898895797,0.393509898895797,0.3952088782812602,0.0,0.0,0.3932561474196932,2
0.00021214,0.59534568826907,0.4982016311812325,0.4982016311812325,0.4982016311812325,0.4539249426752889,0.4539249426752889,0.4539249426752889,0.4539232062464899,0.4174832564487109,0.4174832564487109,0.4188747756318362,0.0,0.0,0.4172598824109716,2
0.000227765,0.5573738019632498,0.4981204233006591,0.4981204233006591,0.4981204233006591,0.4672078257235749,0.4672078257235749,0.4672078257235749,0.4672066282557403,0.4440167219007239,0.4440167219007239,0.4450919798961275,0.0,0.0,0.4438269709647147,2
0.00024339,0.5171934046983115,0.4980362522060289,0.4980362522060289,0.4980362522060289,0.4812625235604332,0.4812625235604332,0.4812625235604332,0.481261896346463,0.4720901711957781,0.4720901711957781,0.4728448519067629,0.0,0.0,0.4719359957060734,2
0.000259015,0.4763486066077208,0.4979555997197895,0.4979555997197895,0.4979555997197895,0.4955497734408816,0.4955497734408816,0.4955497734408816,0.4955497258767202,0.5006252050081529,0.5006252050081529,0.501074497372001,0.0,0.0,0.5005071913577883,2
0.00027464,0.436409050376072,0.4978783215035549,0.4978783215035549,0.4978783215035549,0.5095196736697906,0.5095196736697906,0.5095196736697906,0.5095201928583151,0.5285247993080355,0.5285247993080355,0.5286888968210978,0.0,0.0,0.5284421430254767,2
0.000290265,0.3989095907509865,0.4978106276668215,0.4978106276668215,0.4978106276668215,0.5226362184374388,0.5226362184374388,0.5226362184374388,0.5226372697188522,0.5547172180287424,0.5547172180287424,0.5546335788926098,0.0,0.0,0.5546677570559999,2
0.00030589,0.3652913109359169,0.4977518827268636,0.4977518827268636,0.4977518827268636,0.5343944973857219,0.5343944973857219,0.5343944973857219,0.534396025634996,0.5781954792087654,0.5781954792087654,0.5779051778187795,0.0,0.0,0.5781757746399776,2
0.000321515,0.3368461425708078,0.4977075776949062,0.4977075776949062,0.4977075776949062,0.5443434942676123,0.5443434942676123,0.5443434942676123,0.5443454260471906,0.5980577405834462,0.5980577405834462,0.5976153211131665,0.0,0.0,0.5980632111545137,2
0.00033714,0.3146672175236962,0.4976761851697686,0.4976761851697686,0.4976761851697686,0.5521000276232605,0.5521000276232605,0.5521000276232605,0.552102273971164,0.6135402990727102,0.6135402990727102,0.6130009771442136,0.0,0.0,0.6135653948951338,2
0.000352765,0.2996068594460581,0.4976621380994031,0.4976621380994031,0.4976621380994031,0.5573668642287004,0.5573668642287004,0.5573668642287004,0.557369324111137,0.6240485692991047,0.6240485692991047,0.6234761267557158,0.0,0.0,0.6240869874485198,2
0.00036839,0.2922438294528712,0.4976627532363356,0.4976627532363356,0.4976627532363356,0.5599407572402709,0.5599407572402709,0.5599407572402709,0.5599433214006517,0.6291783293592623,0.6291783293592623,0.6286332904564113,0.0,0.0,0.6292232537953459,2
0.000384015,0.2928610846575386,0.4976812265171464,0.4976812265171464,0.4976812265171464,0.5597236375668515,0.5597236375668515,0.5597236375668515,0.5597261927579343,0.6287328344546402,0.6287328344546402,0.6282789077367709,0.0,0.0,0.6287772002448304,2
0.00039964,0.301434904288706,0.4977136319548125,0.4977136319548125,0.4977136319548125,0.5567230055645975,0.5567230055645975,0.5567230055645975,0.5567254388672115,0.6227288205608257,0.6227288205608257,0.6224222510307956,0.0,0.0,0.6227655831047707,2
0.000415265,0.3176358012662005,0.4977619367789572,0.4977619367789572,0.4977619367789572,0.551055016170761,0.551055016170761,0.551055016170761,0.5510572193663691,0.6113973975215523,0.6113973975215523,0.6112924709249873,0.0,0.0,0.6114198055385356,2
0.00043089,0.3408411842047453,0.4978210756406054,0.4978210756406054,0.4978210756406054,0.5429366454560889,0.5429366454560889,0.5429366454560889,0.5429385191525748,0.5951736507390327,0.5951736507390327,0.5953134430948365,0.0,0.0,0.5951755034575685,2
0.000446515,0.3701592832517406,0.4978919813475779,0.4978919813475779,0.4978919813475779,0.5326807183321302,0.5326807183321302,0.5326807183321302,0.5326821758162308,0.5746814200370758,0.5746814200370758,0.575102835480653,0.0,0.0,0.5746573077368495,2
0.00046214,0.4044634203025894,0.4979687271065232,0.4979687271065232,0.4979687271065232,0.5206805246040523,0.5206805246040523,0.5206805246040523,0.5206814951409839,0.5507078434939057,0.5507078434939057,0.5514339453766398,0.0,0.0,0.5506533531565458,2
0.000477765,0.4424353066084097,0.4980515619838508,0.4980515619838508,0.4980515619838508,0.5073980635983636,0.5073980635983636,0.5073980635983636,0.5073984951827104,0.5241745751792495,0.5241745751792495,0.5252195347142448,0.0,0.0,0.5240864623125101,2
0.00049339,0.4826157038733476,0.4981341078962327,0.4981341078962327,0.4981341078962327,0.4933429349927709,0.4933429349927709,0.4933429349927709,0.4933427963145509,0.4961009136520077,0.4961009136520077,0.4974640209357385,0.0,0.0,0.4959772247463578,2
0.000509015,0.5234605019639385,0.4982163838491678,0.4982163838491678,0.4982163838491678,0.4790561062299796,0.4790561062299796,0.4790561062299796,0.4790553879102329,0.4675660706944529,0.4675660706944529,0.4692368394396843,0.0,0.0,0.4674062205160373,2
0.00052464,0.5634000581955871,0.4982920404254498,0.4982920404254498,0.4982920404254498,0.4650857761619339,0.4650857761619339,0.4650857761619339,0.4650844910808911,0.4396662700037489,0.4396662700037489,0.4416201078068278,0.0,0.0,0.4394710618703384,2
0.000540265,0.6008995178206732,0.4983613541744409,0.4983613541744409,0.4983613541744409,0.4519696515806136,0.4519696515806136,0.4519696515806136,0.4519678344148779,0.413474036716743,0.413474036716743,0.4156775989552845,0.0,0.0,0.4132456338349891,2
0.00055589,0.6345177976357423,0.4984184810408991,0.4984184810408991,0.4984184810408991,0.4402109437292036,0.4402109437292036,0.4402109437292036,0.4402086495870776,0.3899955741778877,0.3899955741778877,0.3924039409109037,0.0,0.0,0.3897374143097411,2
0.000571515,0.6629629660008513,0.4984644024067406,0.4984644024067406,0.4984644024067406,0.4302623660960433,0.4302623660960433,0.4302623660960433,0.4302596684317335,0.3701334935766291,0.3701334935766291,0.3726957143850603,0.0,0.0,0.3698501591256528,2
0.00058714,0.685141891047963,0.4984941804485463,0.4984941804485463,0.4984941804485463,0.4225054047793367,0.4225054047793367,0.4225054047793367,0.4225023925382435,0.3546507380449754,0.3546507380449754,0.3573082400890027,0.0,0.0,0.3543477777644488,2
0.000602765,0.7002022491256008,0.4985098402509238,0.4985098402509238,0.4985098402509238,0.4172389864788152,0.4172389864788152,0.4172389864788152,0.4172357607112423,0.3441426446040115,0.3441426446040115,0.3468347810476385,0.0,0.0,0.3438263625494638,2
0.00061839,0.7075652791187876,0.498507614244112,0.498507614244112,0.498507614244112,0.4146646664545243,0.4146646664545243,0.4146646664545243,0.4146613364006112,0.3390126911861855,0.3390126911861855,0.3416760115222062,0.0,0.0,0.3386899022706128,2
0.000634015,0.7069480239141203,0.498490750070375,0.498490750070375,0.498490750070375,0.4148822034830237,0.4148822034830237,0.4148822034830237,0.4148788824064034,0.3394583594823734,0.3394583594823734,0.3420318852988171,0.0,0.0,0.339136129762117,2
0.00064964,0.6983742042829529,0.498456737399128,0.498456737399128,0.498456737399128,0.4178824094268123,0.4178824094268123,0.4178824094268123,0.4178792102303205,0.3454621831445302,0.3454621831445302,0.3478871235578288,0.0,0.0,0.3451475560995172,2
0.000665265,0.6821733073054581,0.4984100380344873,0.4984100380344873,0.4984100380344873,0.4235508152199501,0.4235508152199501,0.4235508152199501,0.4235478461384071,0.3567937767068152,0.3567937767068152,0.3590182187457503,0.0,0.0,0.3564935047349926,2
0.00068089,0.6589679243669132,0.4983492955979782,0.4983492955979782,0.4983492955979782,0.4316687608362761,0.4316687608362761,0.4316687608362761,0.4316661212455632,0.373017335889683,0.373017335889683,0.3749959933998352,0.0,0.0,0.3727376186482915,2
0.000696515,0.629649825319918,0.4982799916807297,0.4982799916807297,0.4982799916807297,0.4419251033979035,0.4419251033979035,0.4419251033979035,0.4419228800274733,0.3935097347106082,0.3935097347106082,0.3952077608836769,0.0,0.0,0.3932559830313706,2
0.00071214,0.5953456882690692,0.4982016460276397,0.4982016460276397,0.4982016460276397,0.453924872993465,0.453924872993465,0.453924872993465,0.453923136561955,0.4174831258491081,0.4174831258491081,0.4188755435826213,0.0,0.0,0.4172597516415668,2
0.000727765,0.5573738019632488,0.4981204092484725,0.4981204092484725,0.4981204092484725,0.4672077484694885,0.4672077484694885,0.4672077484694885,0.4672065509984204,0.4440165602896351,0.4440165602896351,0.4450909772161352,0.0,0.0,0.443826809152503,2
0.00074339,0.5171934046983107,0.4980362671442391,0.4980362671442391,0.4980362671442391,0.4812624539142526,0.4812624539142526,0.4812624539142526,0.4812618266975398,0.4720900382206908,0.4720900382206908,0.4728455121604658,0.0,0.0,0.4719358625594429,2
0.000759015,0.4763486066077201,0.4979555855765278,0.4979555855765278,0.4979555855765278,0.495549696174562,0.495549696174562,0.495549696174562,0.495549648607198,0.5006250456754616,0.5006250456754616,0.5010735958840015,0.0,0.0,0.5005070318256715,2
0.00077464,0.4364090503760712,0.4978783365318517,0.4978783365318517,0.4978783365318517,0.5095196040588736,0.5095196040588736,0.5095196040588736,0.5095201232446276,0.5285246642356717,0.5285246642356717,0.5286894620812588,0.0,0.0,0.5284420077799763,2
0.000790265,0.3989095907509856,0.4978106134341922,0.4978106134341922,0.4978106134341922,0.5226361411592988,0.5226361411592988,0.5226361411592988,0.5226371924375367,0.5547170607133166,0.5547170607133166,0.554632766665776,0.0,0.0,0.554667599542711,2
0.00080589,0.365291310935916,0.497751897843548,0.497751897843548,0.497751897843548,0.5343944278095573,0.5343944278095573,0.5343944278095573,0.5343959560560362,0.5781953422840063,0.5781953422840063,0.5779056592903092,0.0,0.0,0.578175637540689,2
0.000821515,0.3368461425708071,0.4977075633745995,0.4977075633745995,0.4977075633745995,0.5443434169780299,0.5443434169780299,0.5443434169780299,0.5443453487544564,0.5980575850551942,0.5980575850551942,0.5976145876238836,0.0,0.0,0.5980630554297206,2
0.00083714,0.3146672175236957,0.4976762003731592,0.4976762003731592,0.4976762003731592,0.5520999580814707,0.5520999580814707,0.5520999580814707,0.5521022044265571,0.6135401605116152,0.6135401605116152,0.61300138471072,0.0,0.0,0.6135652561582843,2
0.000852765,0.2996068594460579,0.4976621236930936,0.4976621236930936,0.4976621236930936,0.5573667869282175,0.5573667869282175,0.5573667869282175,0.5573692468075238,0.6240484153554314,0.6240484153554314,0.6234754627217337,0.0,0.0,0.6240868333095737,2
0.00086839,0.2922438294528711,0.4976627685247665,0.4976627685247665,0.4976627685247665,0.5599406877323148,0.5599406877323148,0.5599406877323148,0.5599432518898597,0.6291781893519006,0.6291781893519006,0.6286336328354892,0.0,0.0,0.6292231136111428,2
0.000884015,0.2928610846575388,0.4976812120264888,0.4976812120264888,0.4976812120264888,0.5597235602557435,0.5597235602557435,0.5597235602557435,0.5597261154437152,0.6287326819167398,0.6287326819167398,0.6282783049703201,0.0,0.0,0.6287770475126797,2
0.00089964,0.3014349042887062,0.4977136473266355,0.4977136473266355,0.4977136473266355,0.5567229360901007,0.5567229360901007,0.5567229360901007,0.5567253693898618,0.6227286792749356,0.6227286792749356,0.6224225359121213,0.0,0.0,0.6227654416410902,2
0.000915265,0.3176358012662011,0.4977619222055933,0.4977619222055933,0.4977619222055933,0.551054938849634,0.551054938849634,0.551054938849634,0.5510571420421475,0.6113972462323696,0.6113972462323696,0.6112919222044613,0.0,0.0,0.6114196540560783,2
0.00093089,0.3408411842047459,0.4978210910941896,0.4978210910941896,0.4978210910941896,0.5429365760146125,0.5429365760146125,0.5429365760146125,0.5429384497082308,0.5951735083222675,0.5951735083222675,0.5953136772610439,0.0,0.0,0.595175360862161,2
0.000946515,0.3701592832517415,0.4978919666931318,0.4978919666931318,0.4978919666931318,0.532680641001256,0.532680641001256,0.532680641001256,0.532682098482277,0.5746812698577486,0.5746812698577486,0.57510233443567,0.0,0.0,0.5746571573650985,2
0.00096214,0.4044634203025904,0.4979687426402521,0.4979687426402521,0.4979687426402521,0.5206804551951918,0.5206804551951918,0.5206804551951918,0.5206814257292425,0.5507077000762396,0.5507077000762396,0.55143413481031,0.0,0.0,0.55065320955959,2
0.000977765,0.4424353066084106,0.4980515472499283,0.4980515472499283,0.4980515472499283,0.5073979862583122,0.5073979862583122,0.5073979862583122,0.5073984178395926,0.5241744259880557,0.5241744259880557,0.5252190757263259,0.0,0.0,0.5240863129296438,2
0.00099339,0.482615703873349,0.4981341235085064,0.4981341235085064,0.4981341235085064,0.4933428656161564,0.4933428656161564,0.4933428656161564,0.4933427269350441,0.4961007693481882,0.4961007693481882,0.4974641709141519,0.0,0.0,0.4959770802625361,2
0.001009015,0.5234605019639396,0.4982163690373613,0.4982163690373613,0.4982163690373613,0.479056028881153,0.479056028881153,0.479056028881153,0.4790553105583519,0.4675659223839908,0.4675659223839908,0.4692364175527897,0.0,0.0,0.4674060720145185,2
0.00102464,0.563400058195588,0.4982920561146855,0.4982920561146855,0.4982920561146855,0.465085706817164,0.465085706817164,0.465085706817164,0.4650844217332187,0.4396661249145587,0.4396661249145587,0.4416202229846058,0.0,0.0,0.4394709166005374,2
0.001040265,0.6008995178206736,0.4983613392863253,0.4983613392863253,0.4983613392863253,0.451969574223413,0.451969574223413,0.451969574223413,0.4519677570546334,0.4134738891923725,0.4134738891923725,0.4156772097978081,0.0,0.0,0.4132454861201786,2
0.00105589,0.634517797635743,0.4984184968055301,0.4984184968055301,0.4984184968055301,0.4402108744157455,0.4402108744157455,0.4402108744157455,0.440208580270708,0.3899954283916753,0.3899954283916753,0.3924040253933439,0.0,0.0,0.3897372683424669,2
0.001071515,0.662962966000852,0.4984643874438745,0.4984643874438745,0.4984643874438745,0.4302622887307352,0.4302622887307352,0.4302622887307352,0.4302595910633908,0.3701333467549453,0.3701333467549453,0.3726953541008645,0.0,0.0,0.3698500121140255,2
0.00108714,0.685141891047963,0.4984941962870222,0.4984941962870222,0.4984941962870222,0.4225053354968246,0.4225053354968246,0.4225053354968246,0.4225023232528119,0.3546505916398685,0.3546505916398685,0.3573082974975971,0.0,0.0,0.3543476311778493,2
0.001102765,0.7002022491256013,0.4985098252148505,0.4985098252148505,0.4985098252148505,0.4172389091059636,0.4172389091059636,0.4172389091059636,0.4172356833353645,0.3441424984120909,0.3441424984120909,0.3468344462358373,0.0,0.0,0.3438262161681333,2
0.00111839,0.7075652791187879,0.4985076301548954,0.4985076301548954,0.4985076301548954,0.4146645972026274,0.4146645972026274,0.4146645972026274,0.4146612671457877,0.3390125442309452,0.3390125442309452,0.3416760450513689,0.0,0.0,0.3386897551334711,2
0.001134015,0.70694802391412,0.4984907349626226,0.4984907349626226,0.4984907349626226,0.4148821261029922,0.4148821261029922,0.4148821261029922,0.4148788050233533,0.3394582138559088,0.3394582138559088,0.3420315729594551,0.0,0.0,0.3391359839466591,2
0.00114964,0.6983742042829526,0.4984567533807009,0.4984567533807009,0.4984567533807009,0.4178823402050349,0.4178823402050349,0.4178823402050349,0.4178791410056102,0.3454620356992853,0.3454620356992853,0.3478871360248979,0.0,0.0,0.3451474084719586,2
0.001165265,0.6821733073054576,0.4984100228565684,0.4984100228565684,0.4984100228565684,0.4235507378330345,0.4235507378330345,0.4235507378330345,0.4235477687484796,0.3567936315891282,0.3567936315891282,0.3590179262325357,0.0,0.0,0.3564933594286707,2
0.00118089,0.6589679243669125,0.4983493116488353,0.4983493116488353,0.4983493116488353,0.4316686916441902,0.4316686916441902,0.4316686916441902,0.4316660520505391,0.3730171880072178,0.3730171880072178,0.3749959872898144,0.0,0.0,0.3727374705832295,2
0.001196515,0.6296498253199173,0.4982799764341403,0.4982799764341403,0.4982799764341403,0.441925026004564,0.441925026004564,0.441925026004564,0.4419228026311282,0.393509590052183,0.393509590052183,0.3952074858626911,0.0,0.0,0.3932558381846826,2
0.00121214,0.595345688269068,0.4982016621462928,0.4982016621462928,0.4982016621462928,0.4539248038308432,0.4539248038308432,0.4539248038308432,0.4539230673963898,0.4174829775761923,0.4174829775761923,0.4188755210878399,0.0,0.0,0.417259603185827,2
0.001227765,0.5573738019632477,0.4981203939346916,0.4981203939346916,0.4981203939346916,0.4672076710702839,0.4672076710702839,0.4672076710702839,0.4672064735962157,0.4440164160473518,0.4440164160473518,0.4450907176290757,0.0,0.0,0.4438266647222368,2
0.00124339,0.5171934046983098,0.4980362833292147,0.4980362833292147,0.4980362833292147,0.4812623847807033,0.4812623847807033,0.4812623847807033,0.481261757561043,0.4720898895981368,0.4720898895981368,0.4728454752144675,0.0,0.0,0.4719357137537964,2
0.001259015,0.4763486066077187,0.4979555701970239,0.4979555701970239,0.4979555701970239,0.4955496187697178,0.4955496187697178,0.4955496187697178,0.4955495711993587,0.5006249018107994,0.5006249018107994,0.5010733499146401,0.0,0.0,0.5005068877733294,2
0.00127464,0.4364090503760698,0.4978783527816901,0.4978783527816901,0.4978783527816901,0.5095195349539394,0.5095195349539394,0.5095195349539394,0.5095200541367418,0.5285245152990291,0.5285245152990291,0.5286894123892885,0.0,0.0,0.5284418586600088,2
0.001290265,0.3989095907509846,0.4978105979904157,0.4978105979904157,0.4978105979904157,0.5226360637492049,0.5226360637492049,0.5226360637492049,0.5226371150244523,0.5547169171929046,0.5547169171929046,0.5546325327124836,0.0,0.0,0.5546674558348734,2
0.00130589,0.3652913109359154,0.4977519141568076,0.4977519141568076,0.4977519141568076,0.5343943587328154,0.5343943587328154,0.5343943587328154,0.5343958869763394,0.5781951930643678,0.5781951930643678,0.5779055983564537,0.0,0.0,0.5781754881375918,2
0.001321515,0.3368461425708067,0.4977075478679866,0.4977075478679866,0.4977075478679866,0.5443433395630086,0.5443433395630086,0.5443433395630086,0.544345271336449,0.5980574418496662,0.5980574418496662,0.5976143642737783,0.0,0.0,0.59806291203703,2
0.00133714,0.3146672175236955,0.497676216748411,0.497676216748411,0.497676216748411,0.5520998890325002,0.5520998890325002,0.5520998890325002,0.5521021353746286,0.6135400110362766,0.6135400110362766,0.6130013138617559,0.0,0.0,0.6135651064993086,2
0.001352765,0.2996068594460576,0.4976621081250663,0.4976621081250663,0.4976621081250663,0.5573667095085573,0.5573667095085573,0.5573667095085573,0.5573691693848809,0.6240482724391774,0.6240482724391774,0.6234752487286482,0.0,0.0,0.6240866902063054,2
0.00136839,0.2922438294528711,0.4976627849605957,0.4976627849605957,0.4976627849605957,0.559940618710762,0.559940618710762,0.559940618710762,0.559943182865346,0.6291780396447771,0.6291780396447771,0.6286335532417658,0.0,0.0,0.6292229637201936,2
0.001384015,0.292861084657539,0.4976811963984535,0.4976811963984535,0.4976811963984535,0.5597234828319627,0.5597234828319627,0.5597234828319627,0.5597260380169555,0.6287325392676671,0.6287325392676671,0.6282780992353336,0.0,0.0,0.628776904676845,2
0.00139964,0.3014349042887065,0.4977136638216444,0.4977136638216444,0.4977136638216444,0.556722867095646,0.556722867095646,0.556722867095646,0.5567253003924438,0.6227285293568388,0.6227285293568388,0.622422448605903,0.0,0.0,0.6227652915390662,2
0.001415265,0.3176358012662017,0.4977619065189405,0.4977619065189405,0.4977619065189405,0.5510548614220512,0.5510548614220512,0.5510548614220512,0.551057064611589,0.6113971038310884,0.6113971038310884,0.611291723758131,0.0,0.0,0.6114195114681786,2
0.00143089,0.3408411842047466,0.4978211076469918,0.4978211076469918,0.4978211076469918,0.5429365070469713,0.5429365070469713,0.5429365070469713,0.542938380737624,0.5951733582114761,0.5951733582114761,0.5953135831529902,0.0,0.0,0.5951752105673109,2
0.001446515,0.3701592832517421,0.4978919509492385,0.4978919509492385,0.4978919509492385,0.5326805635703548,0.5326805635703548,0.5326805635703548,0.5326820210484031,0.5746811276876179,0.5746811276876179,0.5751021424231259,0.0,0.0,0.5746570150085206,2
0.00146214,0.4044634203025916,0.4979687592494777,0.4979687592494777,0.4979687592494777,0.520680386253981,0.520680386253981,0.520680386253981,0.5206813567850643,0.5507075497883768,0.5507075497883768,0.5514340347034183,0.0,0.0,0.550653059087564,2
0.001477765,0.4424353066084119,0.4980515314501583,0.4980515314501583,0.4980515314501583,0.5073979088243423,0.5073979088243423,0.5073979088243423,0.5073983404026531,0.5241742840342235,0.5241742840342235,0.5252188893931178,0.0,0.0,0.5240861707895654,2
0.00149339,0.4826157038733499,0.4981341401728008,0.4981341401728008,0.4981341401728008,0.4933427967009279,0.4933427967009279,0.4933427967009279,0.4933426580168462,0.4961006188966894,0.4961006188966894,0.4974640655165948,0.0,0.0,0.4959769296267294,2
0.001509015,0.5234605019639406,0.4982163531830648,0.4982163531830648,0.4982163531830648,0.479055951444363,0.479055951444363,0.479055951444363,0.4790552331185949,0.4675657806336659,0.4675657806336659,0.4692362362335259,0.0,0.0,0.4674059300781121,2
0.00152464,0.563400058195589,0.4982920728327071,0.4982920728327071,0.4982920728327071,0.4650856379274376,0.4650856379274376,0.4650856379274376,0.465084352840521,0.4396659743107728,0.4396659743107728,0.441620112920776,0.0,0.0,0.4394707658124036,2
0.001540265,0.6008995178206744,0.4983613233788353,0.4983613233788353,0.4983613233788353,0.4519694967841163,0.4519694967841163,0.4519694967841163,0.4519676796123723,0.4134737476346407,0.4134737476346407,0.4156770329056871,0.0,0.0,0.4132453443765152,2
0.00155589,0.6345177976357441,0.4984185135759502,0.4984185135759502,0.4984185135759502,0.4402108055513404,0.4402108055513404,0.4402108055513404,0.4402085114033301,0.3899952776460462,0.3899952776460462,0.3924039112146554,0.0,0.0,0.3897371174123958,2
0.001571515,0.6629629660008526,0.4984643714845127,0.4984643714845127,0.4984643714845127,0.4302622112894769,0.4302622112894769,0.4302622112894769,0.4302595136191706,0.3701332053808979,0.3701332053808979,0.3726951811187752,0.0,0.0,0.369849870554202,2
0.00158714,0.6851418910479637,0.4984942131085268,0.4984942131085268,0.4984942131085268,0.4225052666573627,0.4225052666573627,0.4225052666573627,0.4225022544103758,0.3546504407609118,0.3546504407609118,0.3573081796899968,0.0,0.0,0.3543474801143637,2
0.001602765,0.7002022491256016,0.4985098092049234,0.4985098092049234,0.4985098092049234,0.4172388316629224,0.4172388316629224,0.4172388316629224,0.4172356058893637,0.3441423572135195,0.3441423572135195,0.3468342767070589,0.0,0.0,0.3438260747838984,2
0.00161839,0.7075652791187879,0.4985076470261864,0.4985076470261864,0.4985076470261864,0.4146645283876983,0.4146645283876983,0.4146645283876983,0.414661198327883,0.3390123932258037,0.3390123932258037,0.3416759240433631,0.0,0.0,0.3386896039437261,2
0.001634015,0.7069480239141199,0.4984907189034242,0.4984907189034242,0.4984907189034242,0.4148820486585444,0.4148820486585444,0.4148820486585444,0.4148787275759482,0.3394580728261751,0.3394580728261751,0.3420314064814776,0.0,0.0,0.3391358427313857,2
0.00164964,0.698374204282952,0.4984567703004905,0.4984567703004905,0.4984567703004905,0.4178822714143955,0.4178822714143955,0.4178822714143955,0.417879072211994,0.3454618845742493,0.3454618845742493,0.347887012194699,0.0,0.0,0.3451472571622894,2
0.001665265,0.682173307305457,0.4984100067493764,0.4984100067493764,0.4984100067493764,0.423550660387589,0.423550660387589,0.423550660387589,0.4235476913000791,0.3567934907227443,0.3567934907227443,0.3590177624504341,0.0,0.0,0.3564932183768829,2
0.00168089,0.6589679243669115,0.4983493286158502,0.4983493286158502,0.4983493286158502,0.4316686228775318,0.4316686228775318,0.4316686228775318,0.4316659832809026,0.373017036767509,0.373017036767509,0.3749958609709603,0.0,0.0,0.3727373191588142,2
0.001696515,0.6296498253199163,0.4982799602802203,0.4982799602802203,0.4982799602802203,0.4419249485584948,0.4419249485584948,0.4419249485584948,0.441922725182106,0.3935094493446004,0.3935094493446004,0.3952073244634315,0.0,0.0,0.3932556972918001,2
0.00171214,0.5953456882690674,0.4982016791592758,0.4982016791592758,0.4982016791592758,0.4539247350878257,0.4539247350878257,0.4539247350878257,0.4539229986503931,0.4174828262260416,0.4174828262260416,0.4188753925744233,0.0,0.0,0.4172594516508723,2
0.001727765,0.5573738019632464,0.4981203777352991,0.4981203777352991,0.4981203777352991,0.4672075936237652,0.4672075936237652,0.4672075936237652,0.4672063961467462,0.4440162754944353,0.4440162754944353,0.4450905583361659,0.0,0.0,0.4438265239841367,2
0.00174339,0.5171934046983082,0.4980363003869184,0.4980363003869184,0.4980363003869184,0.4812623160608542,0.4812623160608542,0.4812623160608542,0.4812616888382134,0.4720897381406232,0.4720897381406232,0.4728453447655049,0.0,0.0,0.4719355621114368,2
0.001759015,0.4763486066077176,0.4979555539533957,0.4979555539533957,0.4979555539533957,0.4955495413231214,0.4955495413231214,0.4955495413231214,0.4955494937498135,0.5006247614095484,0.5006247614095484,0.5010731924845605,0.0,0.0,0.5005067471870466,2
0.00177464,0.4364090503760692,0.4978783698828826,0.4978783698828826,0.4978783698828826,0.5095194662570532,0.5095194662570532,0.5095194662570532,0.5095199854368743,0.5285243637370918,0.5285243637370918,0.5286892802337427,0.0,0.0,0.5284417069131946,2
0.001790265,0.398909590750984,0.4978105817037779,0.4978105817037779,0.4978105817037779,0.5226359863028687,0.5226359863028687,0.5226359863028687,0.5226370375751692,0.5547167769409937,0.5547167769409937,0.5546323769304914,0.0,0.0,0.5546673153980513,2
0.00180589,0.3652913109359148,0.4977519313002694,0.4977519313002694,0.4977519313002694,0.5343942900585883,0.5343942900585883,0.5343942900585883,0.5343958182991297,0.5781950414001644,0.5781950414001644,0.5779054646961216,0.0,0.0,0.5781753362884356,2
0.001821515,0.3368461425708059,0.4977075315395534,0.4977075315395534,0.4977075315395534,0.5443432621172694,0.5443432621172694,0.5443432621172694,0.544345193887765,0.5980573017453649,0.5980573017453649,0.5976142099505019,0.0,0.0,0.5980627717479134,2
0.00183714,0.3146672175236947,0.4976762339329368,0.4976762339329368,0.4976762339329368,0.5520998203805626,0.5520998203805626,0.5520998203805626,0.5521020667197074,0.6135398592712236,0.6135398592712236,0.6130011788744331,0.0,0.0,0.6135649545492237,2
0.001852765,0.2996068594460571,0.4976620917560348,0.4976620917560348,0.4976620917560348,0.5573666320637501,0.5573666320637501,0.5573666320637501,0.5573690919371312,0.6240481324812468,0.6240481324812468,0.6234750956970471,0.0,0.0,0.624086550063677,2
0.00186839,0.292243829452871,0.4976628021849905,0.4976628021849905,0.4976628021849905,0.5599405500808784,0.5599405500808784,0.5599405500808784,0.5599431142324776,0.6291778877799633,0.6291778877799633,0.6286334170844032,0.0,0.0,0.6292228116703491,2
0.001884015,0.292861084657539,0.4976811799900118,0.4976811799900118,0.4976811799900118,0.5597234053884227,0.5597234053884227,0.5597234053884227,0.5597259605704745,0.6287323994553805,0.6287323994553805,0.6282779473481485,0.0,0.0,0.628776764679966,2
0.00189964,0.3014349042887069,0.4977136810847282,0.4977136810847282,0.4977136810847282,0.5567227984874829,0.5567227984874829,0.5567227984874829,0.556725231781295,0.6227283773928745,0.6227283773928745,0.6224223114168816,0.0,0.0,0.622765139389982,2
0.001915265,0.3176358012662023,0.4977618900722631,0.4977618900722631,0.4977618900722631,0.5510547839799458,0.5510547839799458,0.5510547839799458,0.5510569871665449,0.6113969641637811,0.6113969641637811,0.6112915728851678,0.0,0.0,0.6114193716164071,2
0.00193089,0.3408411842047476,0.4978211249475976,0.4978211249475976,0.4978211249475976,0.5429364384600627,0.5429364384600627,0.5429364384600627,0.5429383121477286,0.5951732061481894,0.5951732061481894,0.5953134450539496,0.0,0.0,0.595175058318834,2
0.001946515,0.3701592832517432,0.4978919344654886,0.4978919344654886,0.4978919344654886,0.5326804861299829,0.5326804861299829,0.5326804861299829,0.5326819436050946,0.5746809881653102,0.5746809881653102,0.5751019924498414,0.0,0.0,0.5746568753018635,2
0.00196214,0.4044634203025922,0.49796877658645,0.49796877658645,0.49796877658645,0.5206803176881278,0.5206803176881278,0.5206803176881278,0.5206812882162232,0.5507073976257856,0.5507073976257856,0.5514338958021183,0.0,0.0,0.5506529067397086,2
0.001977765,0.4424353066084124,0.4980515149304825,0.4980515149304825,0.4980515149304825,0.5073978313861349,0.5073978313861349,0.5073978313861349,0.5073982629615109,0.5241741446576023,0.5241741446576023,0.5252187402188441,0.0,0.0,0.5240860312286422,2
0.00199339,0.4826157038733507,0.4981341575449964,0.4981341575449964,0.4981341575449964,0.4933427281558656,0.4933427281558656,0.4933427281558656,0.4933425894687951,0.4961004666342406,0.4961004666342406,0.497463925907839,0.0,0.0,0.4959767771790487,2
0.002009015,0.523460501963942,0.4982163366286003,0.4982163366286003,0.4982163366286003,0.4790558740085178,0.4790558740085178,0.4790558740085178,0.479055155679817,0.4675656414030814,0.4675656414030814,0.4692360877689092,0.0,0.0,0.4674057906633886,2
0.00202464,0.5634000581955904,0.4982920902389964,0.4982920902389964,0.4982920902389964,0.4650855694028363,0.4650855694028363,0.4650855694028363,0.4650842843129296,0.4396658219477264,0.4396658219477264,0.4416199726882242,0.0,0.0,0.439470613264022,2
0.002040265,0.6008995178206753,0.4983613067907066,0.4983613067907066,0.4983613067907066,0.4519694193510289,0.4519694193510289,0.4519694193510289,0.4519676021763542,0.413473608551304,0.413473608551304,0.4156768850725006,0.0,0.0,0.4132452051091357,2
0.00205589,0.6345177976357447,0.4984185310152149,0.4984185310152149,0.4984185310152149,0.4402107370469379,0.4402107370469379,0.4402107370469379,0.4402084428959364,0.3899951251813581,0.3899951251813581,0.3924037704320373,0.0,0.0,0.389736964762305,2
0.002071515,0.6629629660008531,0.498464354863831,0.498464354863831,0.498464354863831,0.4302621338593762,0.4302621338593762,0.4302621338593762,0.4302594361861412,0.3701330664458465,0.3701330664458465,0.3726950338476723,0.0,0.0,0.3698497314352327,2
0.00208714,0.6851418910479646,0.4984942305796616,0.4984942305796616,0.4984942305796616,0.4225051981728642,0.4225051981728642,0.4225051981728642,0.4225021859228851,0.3546502881932742,0.3546502881932742,0.3573080384222706,0.0,0.0,0.354347327361246,2
0.002102765,0.7002022491256018,0.4985097925527895,0.4985097925527895,0.4985097925527895,0.4172387542361025,0.4172387542361025,0.4172387542361025,0.4172355284596171,0.3441422184281821,0.3441422184281821,0.3468341299370649,0.0,0.0,0.3438259358147702,2
0.00211839,0.7075652791187881,0.4985076645280961,0.4985076645280961,0.4985076645280961,0.4146644599227769,0.4146644599227769,0.4146644599227769,0.4146611298599682,0.339012240553582,0.339012240553582,0.3416757823476761,0.0,0.0,0.3386894510859765,2
0.002134015,0.7069480239141199,0.4984907022209248,0.4984907022209248,0.4984907022209248,0.4148819712352652,0.4148819712352652,0.4148819712352652,0.4148786501497445,0.3394579341921493,0.3394579341921493,0.3420312601588121,0.0,0.0,0.3391357039136739,2
0.00214964,0.698374204282952,0.4984567878320951,0.4984567878320951,0.4984567878320951,0.4178822029687254,0.4178822029687254,0.4178822029687254,0.4178790037633293,0.345461731795643,0.345461731795643,0.3478868701214344,0.0,0.0,0.3451471041981009,2
0.002165265,0.6821733073054566,0.4984099900375871,0.4984099900375871,0.4984099900375871,0.4235505829681093,0.4235505829681093,0.4235505829681093,0.423547613877677,0.3567933522417645,0.3567933522417645,0.3590176165276496,0.0,0.0,0.3564930797123553,2
0.00218089,0.6589679243669114,0.4983493461760795,0.4983493461760795,0.4983493461760795,0.4316685544509208,0.4316685544509208,0.4316685544509208,0.4316659148512959,0.3730168838808189,0.3730168838808189,0.3749957185647749,0.0,0.0,0.3727371660864619,2
0.002196515,0.6296498253199156,0.4982799435402061,0.4982799435402061,0.4982799435402061,0.4419248711431727,0.4419248711431727,0.4419248711431727,0.4419226477638636,0.3935093110188563,0.3935093110188563,0.395207178899001,0.0,0.0,0.3932555587826018,2
0.00221214,0.5953456882690666,0.4982016967470701,0.4982016967470701,0.4982016967470701,0.453924666679983,0.453924666679983,0.453924666679983,0.4539229302395534,0.4174826732291169,0.4174826732291169,0.4188752498744091,0.0,0.0,0.4172592984682599,2
0.002227765,0.5573738019632449,0.4981203609681102,0.4981203609681102,0.4981203609681102,0.4672075162128908,0.4672075162128908,0.4672075162128908,0.4672063187329536,0.4440161373260591,0.4440161373260591,0.4450904130933075,0.0,0.0,0.4438263856324432,2
0.00224339,0.5171934046983069,0.4980363180012328,0.4980363180012328,0.4980363180012328,0.4812622476715565,0.4812622476715565,0.4812622476715565,0.4812616204459174,0.4720895850313771,0.4720895850313771,0.4728452018062977,0.0,0.0,0.4719354088164444,2
0.002259015,0.4763486066077163,0.4979555371600748,0.4979555371600748,0.4979555371600748,0.4955494639169178,0.4955494639169178,0.4955494639169178,0.495549416340694,0.5006246234007375,0.5006246234007375,0.5010730475308062,0.0,0.0,0.5005066089950525,2
0.00227464,0.4364090503760679,0.4978783875226833,0.4978783875226833,0.4978783875226833,0.5095193978859452,0.5095193978859452,0.5095193978859452,0.5095199170627666,0.5285242105130612,0.5285242105130612,0.5286891370456223,0.0,0.0,0.5284415535032907,2
0.002290265,0.3989095907509822,0.4978105648853526,0.4978105648853526,0.4978105648853526,0.5226359089016241,0.5226359089016241,0.5226359089016241,0.5226369601710111,0.5547166390942215,0.5547166390942215,0.5546322322373739,0.0,0.0,0.5546671773682252,2
0.00230589,0.3652913109359131,0.4977519489645323,0.4977519489645323,0.4977519489645323,0.5343942217054151,0.5343942217054151,0.5343942217054151,0.5343957499429555,0.5781948880588056,0.5781948880588056,0.5779053213057923,0.0,0.0,0.5781751827611505,2
0.002321515,0.3368461425708049,0.4977075146970402,0.4977075146970402,0.4977075146970402,0.5443431847212711,0.5443431847212711,0.5443431847212711,0.5443451164888556,0.5980571640632573,0.5980571640632573,0.5976140654929856,0.0,0.0,0.5980626338828567,2
0.00233714,0.3146672175236942,0.4976762516206494,0.4976762516206494,0.4976762516206494,0.5520997520451038,0.5520997520451038,0.5520997520451038,0.5521019983812462,0.6135397058100106,0.6135397058100106,0.613001035305537,0.0,0.0,0.6135648009020243,2
0.002352765,0.299606859446057,0.4976620748904419,0.4976620748904419,0.4976620748904419,0.5573665546731859,0.5573665546731859,0.5573665546731859,0.5573690145436578,0.6240479949662457,0.6240479949662457,0.6234749514528172,0.0,0.0,0.6240864123659162,2
0.00236839,0.2922438294528708,0.4976628198951531,0.4976628198951531,0.4976628198951531,0.5599404817628139,0.5599404817628139,0.5599404817628139,0.5599430459114098,0.6291777341960945,0.6291777341960945,0.6286332733575807,0.0,0.0,0.6292226579003855,2
0.002384015,0.2928610846575393,0.4976811631023339,0.4976811631023339,0.4976811631023339,0.5597233280035776,0.5597233280035776,0.5597233280035776,0.559725883182723,0.6287322621103986,0.6287322621103986,0.6282778032978995,0.0,0.0,0.6287766271523447,2
0.00239964,0.3014349042887071,0.4977136988163515,0.4977136988163515,0.4977136988163515,0.5567227301865614,0.5567227301865614,0.5567227301865614,0.5567251634773682,0.6227282236834738,0.6227282236834738,0.6224221675503236,0.0,0.0,0.622764985494419,2
0.002415265,0.3176358012662027,0.4977618731634838,0.4977618731634838,0.4977618731634838,0.5510547066011712,0.5510547066011712,0.5510547066011712,0.551056909784866,0.6113968269919071,0.6113968269919071,0.6112914290119962,0.0,0.0,0.6114192342620139,2
0.00243089,0.340841184204748,0.4978211426997037,0.4978211426997037,0.4978211426997037,0.5429363701760991,0.5429363701760991,0.5429363701760991,0.5429382438607583,0.5951730523104303,0.5951730523104303,0.5953133010638054,0.0,0.0,0.5951749042948606,2
0.002446515,0.3701592832517436,0.4978919175365797,0.4978919175365797,0.4978919175365797,0.5326804087574302,0.5326804087574302,0.5326804087574302,0.5326818662296402,0.5746808511692977,0.5746808511692977,0.5751018487384894,0.0,0.0,0.5746567381234968,2
0.00246214,0.4044634203025935,0.497968794358071,0.497968794358071,0.497968794358071,0.5206802494207722,0.5206802494207722,0.5206802494207722,0.5206812199458593,0.5507072436564724,0.5507072436564724,0.5514337517023129,0.0,0.0,0.5506527525840772,2
0.002477765,0.442435306608414,0.4980514979824066,0.4980514979824066,0.4980514979824066,0.507397754020054,0.507397754020054,0.507397754020054,0.5073981855925309,0.5241740078405467,0.5241740078405467,0.5252185966561195,0.0,0.0,0.5240858942294013,2
0.00249339,0.482615703873352,0.4981341753351769,0.4981341753351769,0.4981341753351769,0.4933426599048686,0.4933426599048686,0.4933426599048686,0.493342521214788,0.4961003125302545,0.4961003125302545,0.4974637817107566,0.0,0.0,0.4959766228886095,2
0.002509015,0.5234605019639427,0.4982163196623084,0.4982163196623084,0.4982163196623084,0.4790557966491575,0.4790557966491575,0.4790557966491575,0.47905507831756,0.4675655047682138,0.4675655047682138,0.4692359443432728,0.0,0.0,0.4674056538464714,2
0.00252464,0.563400058195591,0.4982921080467908,0.4982921080467908,0.4982921080467908,0.4650855011679161,0.4650855011679161,0.4650855011679161,0.4650842160749979,0.4396656677056682,0.4396656677056682,0.4416198284045558,0.0,0.0,0.4394704588354617,2
0.002540265,0.6008995178206769,0.4983612898071379,0.4983612898071379,0.4983612898071379,0.451969341998538,0.451969341998538,0.451969341998538,0.4519675248209692,0.413473472101722,0.413473472101722,0.4156767417736084,0.0,0.0,0.4132450684776391,2
0.00255589,0.6345177976357458,0.4984185488396888,0.4984185488396888,0.4984185488396888,0.4402106688278132,0.4402106688278132,0.4402106688278132,0.4402083746737986,0.3899949707978776,0.3899949707978776,0.3924036260712684,0.0,0.0,0.3897368101922141,2
0.002571515,0.662962966000854,0.4984643378639153,0.4984643378639153,0.4984643378639153,0.4302620565140351,0.4302620565140351,0.4302620565140351,0.4302593588379088,0.3701329301850113,0.3701329301850113,0.3726948906667104,0.0,0.0,0.3698495949926134,2
0.00258714,0.6851418910479646,0.4984942484198904,0.4984942484198904,0.4984942484198904,0.4225051299693216,0.4225051299693216,0.4225051299693216,0.4225021177163274,0.3546501336649708,0.3546501336649708,0.3573078939927491,0.0,0.0,0.3543471726462547,2
0.002602765,0.7002022491256019,0.4985097755374448,0.4985097755374448,0.4985097755374448,0.4172386768982573,0.4172386768982573,0.4172386768982573,0.4172354511188832,0.3441420823597566,0.3441420823597566,0.346833986866434,0.0,0.0,0.3438257995647085,2
0.00261839,0.7075652791187881,0.4985076823831673,0.4985076823831673,0.4985076823831673,0.414664391734703,0.414664391734703,0.414664391734703,0.4146610616688775,0.3390120858771974,0.3390120858771974,0.3416756378569366,0.0,0.0,0.3386892962228235,2
0.002634015,0.7069480239141199,0.4984906851910602,0.4984906851910602,0.4984906851910602,0.4148818939051287,0.4148818939051287,0.4148818939051287,0.4148785728167221,0.3394577983196119,0.3394577983196119,0.3420311171916371,0.0,0.0,0.3391355678596748,2
0.00264964,0.6983742042829518,0.4984568057011036,0.4984568057011036,0.4984568057011036,0.4178821347958084,0.4178821347958084,0.4178821347958084,0.4178789355873937,0.3454615769674697,0.3454615769674697,0.3478867255757231,0.0,0.0,0.3451469491830375,2
0.002665265,0.6821733073054559,0.4984099729941014,0.4984099729941014,0.4984099729941014,0.4235505056459261,0.4235505056459261,0.4235505056459261,0.4235475365526108,0.3567932165688132,0.3567932165688132,0.3590174736580475,0.0,0.0,0.3564929438580799,2
0.00268089,0.6589679243669104,0.4983493640581353,0.4983493640581353,0.4983493640581353,0.4316684862928832,0.4316684862928832,0.4316684862928832,0.4316658466902377,0.3730167288970409,0.3730167288970409,0.3749955739695111,0.0,0.0,0.372737010915716,2
0.002696515,0.6296498253199146,0.4982799264839856,0.4982799264839856,0.4982799264839856,0.4419247938290211,0.4419247938290211,0.4419247938290211,0.4419225704468319,0.3935091755488616,0.3935091755488616,0.3952070361214474,0.0,0.0,0.3932554231314673,2
0.00271214,0.5953456882690654,0.4982017146412905,0.4982017146412905,0.4982017146412905,0.4539245985365145,0.4539245985365145,0.4539245985365145,0.4539228620930624,0.417482518085888,0.417482518085888,0.4188751052343317,0.0,0.0,0.4172591431379068,2
0.002727765,0.5573738019632436,0.4981203439000321,0.4981203439000321,0.4981203439000321,0.4672074389070472,0.4672074389070472,0.4672074389070472,0.4672062414242328,0.4440160020629062,0.4440160020629062,0.4450902704033829,0.0,0.0,0.4438262501883515,2
0.00274339,0.5171934046983054,0.4980363359067454,0.4980363359067454,0.4980363359067454,0.4812621795424804,0.4812621795424804,0.4812621795424804,0.4812615523138169,0.4720894297249408,0.4720894297249408,0.4728450571256867,0.0,0.0,0.4719352533227373,2
0.002759015,0.4763486066077148,0.4979555200810055,0.4979555200810055,0.4979555200810055,0.495549386619658,0.495549386619658,0.495549386619658,0.4955493390405598,0.5006244883484469,0.5006244883484469,0.5010729049247389,0.0,0.0,0.5005064737619935,2
0.00277464,0.4364090503760665,0.4978784054386254,0.4978784054386254,0.4978784054386254,0.509519329771086,0.509519329771086,0.509519329771086,0.5095198489448809,0.5285240550394847,0.5285240550394847,0.5286889923281091,0.0,0.0,0.528441397842395,2
0.002790265,0.3989095907509815,0.4978105477961501,0.4978105477961501,0.4978105477961501,0.5226358316131567,0.5226358316131567,0.5226358316131567,0.5226368828796724,0.554716504256801,0.554716504256801,0.554632089711821,0.0,0.0,0.5546670423501434,2
0.00280589,0.3652913109359126,0.4977519668900525,0.4977519668900525,0.4977519668900525,0.5343941536044982,0.5343941536044982,0.5343941536044982,0.53439568183901,0.5781947324140743,0.5781947324140743,0.5779051765545143,0.0,0.0,0.5781750269289452,2
0.002821515,0.3368461425708045,0.4977074975985509,0.4977074975985509,0.4977074975985509,0.5443431074418039,0.5443431074418039,0.5443431074418039,0.5443450392065201,0.5980570294446274,0.5980570294446274,0.5976139230449056,0.0,0.0,0.5980624990837835,2
0.00283714,0.3146672175236938,0.4976762695549048,0.4976762695549048,0.4976762695549048,0.552099683957988,0.552099683957988,0.552099683957988,0.5521019302910993,0.6135395499901033,0.6135395499901033,0.6130008905232572,0.0,0.0,0.6135646448945686,2
0.002852765,0.2996068594460568,0.4976620577835029,0.4976620577835029,0.4976620577835029,0.5573664774030586,0.5573664774030586,0.5573664774030586,0.5573689372706655,0.6240478605708873,0.6240478605708873,0.6234748090800528,0.0,0.0,0.6240862777902358,2
0.00286839,0.2922438294528706,0.4976628378373133,0.4976628378373133,0.4976628378373133,0.5599404136892268,0.5599404136892268,0.5599404136892268,0.5599429778347894,0.629177578196767,0.629177578196767,0.6286331285465563,0.0,0.0,0.629222501713383,2
0.002884015,0.2928610846575393,0.497681145987773,0.497681145987773,0.497681145987773,0.5597232507428309,0.5597232507428309,0.5597232507428309,0.5597258059191144,0.6287321279421214,0.6287321279421214,0.6282776609979117,0.0,0.0,0.6287764928039319,2
0.00289964,0.3014349042887077,0.4977137167655932,0.4977137167655932,0.4977137167655932,0.5567226621261966,0.5567226621261966,0.5567226621261966,0.556725095413968,0.6227280675002959,0.6227280675002959,0.6224220227123463,0.0,0.0,0.6227648291234205,2
0.002915265,0.3176358012662034,0.4977618560421186,0.4977618560421186,0.4977618560421186,0.5510546293500104,0.5510546293500104,0.5510546293500104,0.5510568325308466,0.6113966930549658,0.6113966930549658,0.6112912867829309,0.0,0.0,0.6114191001451625,2
0.00293089,0.3408411842047489,0.4978211606552141,0.4978211606552141,0.4978211606552141,0.542936302128785,0.542936302128785,0.542936302128785,0.5429381758104064,0.5951728959391245,0.5951728959391245,0.595313156200597,0.0,0.0,0.5951747477355938,2
0.002946515,0.3701592832517448,0.4978919004092175,0.4978919004092175,0.4978919004092175,0.5326803315161596,0.5326803315161596,0.5326803315161596,0.5326817889855142,0.5746807174683184,0.5746807174683184,0.5751017065790616,0.0,0.0,0.574656604242789,2
0.00296214,0.4044634203025942,0.497968812319046,0.497968812319046,0.497968812319046,0.5206801813863707,0.5206801813863707,0.5206801813863707,0.5206811519084175,0.550707087092694,0.550707087092694,0.5514336068153521,0.0,0.0,0.5506525958322463,2
0.002977765,0.4424353066084145,0.4980514808498473,0.4980514808498473,0.4980514808498473,0.5073976767888446,0.5073976767888446,0.5073976767888446,0.5073981083584695,0.5241738743798914,0.5241738743798914,0.525218454564956,0.0,0.0,0.5240857605892442,2
0.00299339,0.4826157038733527,0.4981341933008241,0.4981341933008241,0.4981341933008241,0.4933425918831094,0.4933425918831094,0.4933425918831094,0.4933424531899861,0.4961001557694282,0.4961001557694282,0.4974636368011303,0.0,0.0,0.4959764659395639,2
0.003009015,0.5234605019639433,0.4982163025253388,0.4982163025253388,0.4982163025253388,0.4790557194282792,0.4790557194282792,0.4790557194282792,0.4790550010938333,0.4675653715526353,0.4675653715526353,0.4692358023195212,0.0,0.0,0.4674055204515624,2
0.00302464,0.5634000581955931,0.4982921260163255,0.4982921260163255,0.4982921260163255,0.4650854331586958,0.4650854331586958,0.4650854331586958,0.4650841480627324,0.4396655107433599,0.4396655107433599,0.4416196834733714,0.0,0.0,0.4394703016847905,2
0.003040265,0.6008995178206782,0.4983612726665387,0.4983612726665387,0.4983612726665387,0.4519692647881936,0.4519692647881936,0.4519692647881936,0.4519674476077798,0.4134733391358479,0.4134733391358479,0.4156765998164133,0.0,0.0,0.4132449353326331,2
0.00305589,0.6345177976357469,0.4984185668123362,0.4984185668123362,0.4984185668123362,0.4402106008308962,0.4402106008308962,0.4402106008308962,0.4402083066738336,0.389994813629318,0.389994813629318,0.3924034811191945,0.0,0.0,0.3897366528351488,2
0.003071515,0.6629629660008548,0.4984643207204553,0.4984643207204553,0.4984643207204553,0.4302619793144929,0.4302619793144929,0.4302619793144929,0.4302592816355252,0.3701327974736682,0.3701327974736682,0.3726947487754973,0.0,0.0,0.3698494621023919,2
0.00308714,0.6851418910479654,0.4984942663948848,0.4984942663948848,0.4984942663948848,0.4225050619845726,0.4225050619845726,0.4225050619845726,0.4225020497285278,0.3546499762855078,0.3546499762855078,0.3573077490204929,0.0,0.0,0.3543470150781331,2
0.003102765,0.7002022491256024,0.4985097583918869,0.4985097583918869,0.4985097583918869,0.417238599709619,0.417238599709619,0.417238599709619,0.4172353739274074,0.3441419499076376,0.3441419499076376,0.3468338450405777,0.0,0.0,0.3438256669339147,2
0.00311839,0.7075652791187884,0.4985077003597524,0.4985077003597524,0.4985077003597524,0.4146643237617883,0.4146643237617883,0.4146643237617883,0.4146609936929094,0.3390119282817025,0.3390119282817025,0.3416754928646686,0.0,0.0,0.3386891384384897,2
0.003134015,0.7069480239141195,0.4984906680441545,0.4984906680441545,0.4984906680441545,0.4148818167275951,0.4148818167275951,0.4148818167275951,0.4148784956363545,0.3394576661316503,0.3394576661316503,0.3420309754307898,0.0,0.0,0.3391354354932474,2
0.00314964,0.6983742042829515,0.4984568236785334,0.4984568236785334,0.4984568236785334,0.4178820668345609,0.4178820668345609,0.4178820668345609,0.4178788676230899,0.3454614191509733,0.3454614191509733,0.3478865805637356,0.0,0.0,0.3451467911775712,2
0.003165265,0.6821733073054559,0.4984099558465904,0.4984099558465904,0.4984099558465904,0.4235504284796638,0.4235504284796638,0.4235504284796638,0.4235474593835184,0.3567930846499656,0.3567930846499656,0.359017331961922,0.0,0.0,0.3564928117609874,2
0.00318089,0.6589679243669104,0.4983493820356695,0.4983493820356695,0.4983493820356695,0.4316684183431694,0.4316684183431694,0.4316684183431694,0.4316657787374647,0.3730165708546482,0.3730165708546482,0.3749954289381337,0.0,0.0,0.3727368526841664,2
0.003196515,0.6296498253199136,0.4982799093366044,0.4982799093366044,0.4982799093366044,0.4419247166743625,0.4419247166743625,0.4419247166743625,0.441922493289347,0.3935090439045198,0.3935090439045198,0.3952068944902105,0.0,0.0,0.3932552913091091,2
0.00321214,0.5953456882690642,0.4982017326182006,0.4982017326182006,0.4982017326182006,0.4539245305981689,0.4539245305981689,0.4539245305981689,0.4539227941516547,0.4174823598124069,0.4174823598124069,0.418874960183599,0.0,0.0,0.4172589846751561,2
0.003227765,0.5573738019632422,0.4981203267535048,0.4981203267535048,0.4981203267535048,0.4672073617640912,0.4672073617640912,0.4672073617640912,0.4672061642784544,0.4440158706981479,0.4440158706981479,0.4450901288368923,0.0,0.0,0.4438261186457622,2
0.00324339,0.517193404698304,0.4980363538823114,0.4980363538823114,0.4980363538823114,0.4812621116152382,0.4812621116152382,0.4812621116152382,0.4812614843835094,0.4720892712150454,0.4720892712150454,0.4728449120554939,0.0,0.0,0.4719350946233682,2
0.003259015,0.4763486066077134,0.4979555029360489,0.4979555029360489,0.4979555029360489,0.4955493094885694,0.4955493094885694,0.4955493094885694,0.495549261906653,0.500624357268547,0.500624357268547,0.5010727634230441,0.0,0.0,0.5005063425044418,2
0.00327464,0.4364090503760651,0.4978784234121343,0.4978784234121343,0.4978784234121343,0.5095192618547826,0.5095192618547826,0.5095192618547826,0.5095197810255091,0.5285238962877852,0.5285238962877852,0.5286888472382999,0.0,0.0,0.5284412389010875,2
0.003290265,0.3989095907509803,0.4978105306534708,0.4978105306534708,0.4978105306534708,0.522635754494133,0.522635754494133,0.522635754494133,0.5226368057578346,0.5547163734670658,0.5547163734670658,0.5546319482749892,0.0,0.0,0.5546669113830676,2
0.00330589,0.3652913109359115,0.4977519848608036,0.4977519848608036,0.4977519848608036,0.5343940856989032,0.5343940856989032,0.5343940856989032,0.5343956139303435,0.5781945734150846,0.5781945734150846,0.5779050314448531,0.0,0.0,0.5781748677401433,2
0.003321515,0.3368461425708036,0.4977074804588484,0.4977074804588484,0.4977074804588484,0.5443430303349757,0.5443430303349757,0.5443430303349757,0.5443449620968817,0.5980568989505068,0.5980568989505068,0.5976137816731233,0.0,0.0,0.5980623684125939,2
0.00333714,0.3146672175236932,0.4976762875222036,0.4976762875222036,0.4976762875222036,0.552099616062905,0.552099616062905,0.552099616062905,0.5521018623929417,0.6135393907382438,0.6135393907382438,0.6130007453934437,0.0,0.0,0.6135644854526756,2
0.003352765,0.2996068594460565,0.4976620406474663,0.4976620406474663,0.4976620406474663,0.5573664003086546,0.5573664003086546,0.5573664003086546,0.5573688601734559,0.6240477303781548,0.6240477303781548,0.6234746677737888,0.0,0.0,0.6240861474206469,2
0.00336839,0.2922438294528706,0.4976628558004723,0.4976628558004723,0.4976628558004723,0.5599403458045595,0.5599403458045595,0.5599403458045595,0.5599429099470439,0.6291774186865009,0.6291774186865009,0.6286329833963766,0.0,0.0,0.6292223420128948,2
0.003384015,0.2928610846575393,0.4976811288560836,0.4976811288560836,0.4976811288560836,0.5597231736610803,0.5597231736610803,0.5597231736610803,0.5597257288345621,0.6287319980565419,0.6287319980565419,0.6282775197575857,0.0,0.0,0.6287763627417697,2
0.00339964,0.3014349042887082,0.4977137347239364,0.4977137347239364,0.4977137347239364,0.5567225942517833,0.5567225942517833,0.5567225942517833,0.5567250275364731,0.6227279077258292,0.6227279077258292,0.6224218775413783,0.0,0.0,0.6227646691585902,2
0.003415265,0.317635801266204,0.4977618389154492,0.4977618389154492,0.4977618389154492,0.5510545522810416,0.5510545522810416,0.5510545522810416,0.5510567554590808,0.611396563482295,0.611396563482295,0.6112911456089034,0.0,0.0,0.6114189703961632,2
0.00343089,0.3408411842047498,0.4978211786080715,0.4978211786080715,0.4978211786080715,0.5429362342643975,0.5429362342643975,0.5429362342643975,0.5429381079429337,0.595172735894509,0.595172735894509,0.5953130110083167,0.0,0.0,0.5951745875004297,2
0.003446515,0.3701592832517458,0.4978918832882328,0.4978918832882328,0.4978918832882328,0.532680254460167,0.532680254460167,0.532680254460167,0.5326817119267291,0.5746805882145968,0.5746805882145968,0.575101565471914,0.0,0.0,0.5746564748129339,2
0.00346214,0.4044634203025954,0.4979688302657608,0.4979688302657608,0.4979688302657608,0.520680113531782,0.520680113531782,0.520680113531782,0.5206810840507402,0.5507069267718959,0.5507069267718959,0.551433461601219,0.0,0.0,0.5506524353206437,2
0.003477765,0.442435306608416,0.4980514637352033,0.4980514637352033,0.4980514637352033,0.5073975997459224,0.5073975997459224,0.5073975997459224,0.5073980313127593,0.524173745450917,0.524173745450917,0.5252183135249701,0.0,0.0,0.5240856314844302,2
0.00349339,0.482615703873354,0.4981342112407416,0.4981342112407416,0.4981342112407416,0.4933425240382256,0.4933425240382256,0.4933425240382256,0.4933423853420099,0.4960999951664227,0.4960999951664227,0.4974634915646619,0.0,0.0,0.4959763051455684,2
0.003509015,0.5234605019639448,0.4982162854176835,0.4982162854176835,0.4982162854176835,0.4790556423986867,0.4790556423986867,0.4790556423986867,0.4790549240614575,0.4675652429547882,0.4675652429547882,0.469235661347492,0.0,0.0,0.4674053916781336,2
0.00352464,0.5634000581955931,0.498292143948801,0.498292143948801,0.498292143948801,0.4650853653233571,0.4650853653233571,0.4650853653233571,0.4650840802242976,0.4396653498519569,0.4396653498519569,0.4416195382140023,0.0,0.0,0.4394701406021976,2
0.003540265,0.600899517820678,0.4983612555665133,0.4983612555665133,0.4983612555665133,0.4519691877720904,0.4519691877720904,0.4519691877720904,0.4519673705888982,0.4134732108753775,0.4134732108753775,0.4156764589129293,0.0,0.0,0.4132448068968546,2
0.00355589,0.6345177976357468,0.498418584736735,0.498418584736735,0.498418584736735,0.4402105330048774,0.4402105330048774,0.4402105330048774,0.4402082388447149,0.389994652443078,0.389994652443078,0.3924033358361886,0.0,0.0,0.3897364914575006,2
0.003571515,0.6629629660008557,0.4984643036286917,0.4984643036286917,0.4984643036286917,0.4302619023119712,0.4302619023119712,0.4302619023119712,0.4302592046302299,0.3701326695568412,0.3701326695568412,0.372694607941085,0.0,0.0,0.3698493340105158,2
0.00358714,0.685141891047966,0.498494284310579,0.498494284310579,0.498494284310579,0.422504994167715,0.422504994167715,0.422504994167715,0.4225019819085662,0.3546498147980056,0.3546498147980056,0.3573076037132032,0.0,0.0,0.3543468533989832,2
0.003602765,0.7002022491256027,0.4985097413090078,0.4985097413090078,0.4985097413090078,0.4172385227208707,0.4172385227208707,0.4172385227208707,0.4172352969358903,0.3441418223410194,0.3441418223410194,0.34683370427598,0.0,0.0,0.3438255391925162,2
0.00361839,0.7075652791187884,0.4985077182661226,0.4985077182661226,0.4985077182661226,0.4146642559538345,0.4146642559538345,0.4146642559538345,0.4146609258818476,0.3390117664861516,0.3390117664861516,0.3416753475321842,0.0,0.0,0.3386889764510684,2
0.003634015,0.7069480239141195,0.4984906509707767,0.4984906509707767,0.4984906509707767,0.4148817397526447,0.4148817397526447,0.4148817397526447,0.4148784186586403,0.339457538921573,0.339457538921573,0.3420308347364275,0.0,0.0,0.339135308108694,2
0.00364964,0.698374204282951,0.4984568415749675,0.4984568415749675,0.4984568415749675,0.4178819990353532,0.4178819990353532,0.4178819990353532,0.4178787998207699,0.3454612570406848,0.3454612570406848,0.3478864352053181,0.0,0.0,0.3451466288751811,2
0.003665265,0.6821733073054553,0.4984099387833223,0.4984099387833223,0.4984099387833223,0.4235503515187019,0.4235503515187019,0.4235503515187019,0.4235473824197977,0.3567929578032412,0.3567929578032412,0.3590171913386073,0.0,0.0,0.3564926847401072,2
0.00368089,0.6589679243669095,0.4983493999215636,0.4983493999215636,0.4983493999215636,0.4316683505525179,0.4316683505525179,0.4316683505525179,0.4316657109436967,0.3730164084227211,0.3730164084227211,0.374995283552934,0.0,0.0,0.3727366900599156,2
0.003696515,0.6296498253199136,0.498279892284045,0.498279892284045,0.498279892284045,0.4419246397275785,0.4419246397275785,0.4419246397275785,0.4419224163398096,0.3935089174281538,0.3935089174281538,0.3952067539388426,0.0,0.0,0.3932551646588586,2
0.00371214,0.5953456882690642,0.4982017504929588,0.4982017504929588,0.4982017504929588,0.4539244628159836,0.4539244628159836,0.4539244628159836,0.4539227263663486,0.4174821970521088,0.4174821970521088,0.4188748147710333,0.0,0.0,0.417258821722221,2
0.003727765,0.5573738019632423,0.4981203097122479,0.4981203097122479,0.4981203097122479,0.4672072848316415,0.4672072848316415,0.4672072848316415,0.4672060873432566,0.4440157445991125,0.4440157445991125,0.4450899883582502,0.0,0.0,0.4438259923731649,2
0.00374339,0.517193404698304,0.4980363717453433,0.4980363717453433,0.4980363717453433,0.4812620438413963,0.4812620438413963,0.4812620438413963,0.4812614166065425,0.4720891081191998,0.4720891081191998,0.4728447666146342,0.0,0.0,0.4719349313347247,2
0.003759015,0.4763486066077135,0.4979554859066777,0.4979554859066777,0.4979554859066777,0.4955492325707091,0.4955492325707091,0.4955492325707091,0.4955491849860498,0.5006242315541726,0.5006242315541726,0.5010726230181485,0.0,0.0,0.5005062166168555,2
0.00377464,0.4364090503760639,0.4978784412628614,0.4978784412628614,0.4978784412628614,0.509519194089129,0.509519194089129,0.509519194089129,0.509519713256726,0.5285237328493204,0.5285237328493204,0.5286887017684339,0.0,0.0,0.5284410752695088,2
0.003790265,0.398909590750979,0.4978105136365633,0.4978105136365633,0.4978105136365633,0.5226356775909174,0.5226356775909174,0.5226356775909174,0.5226367288518816,0.554716248144514,0.554716248144514,0.554631807944596,0.0,0.0,0.5546667858875884,2
0.00380589,0.3652913109359105,0.4977520026986495,0.4977520026986495,0.4977520026986495,0.5343940179413164,0.5343940179413164,0.5343940179413164,0.5343955461696224,0.578194409626634,0.578194409626634,0.5779048859450733,0.0,0.0,0.57817470375833,2
0.003821515,0.3368461425708027,0.4977074634549741,0.4977074634549741,0.4977074634549741,0.5443429534466258,0.5443429534466258,0.5443429534466258,0.5443448852058002,0.5980567740273641,0.5980567740273641,0.5976136414182974,0.0,0.0,0.5980622433167901,2
0.00383714,0.3146672175236925,0.4976763053466038,0.4976763053466038,0.4976763053466038,0.5520995483131645,0.5520995483131645,0.5520995483131645,0.5521017946400619,0.6135392265921351,0.6135392265921351,0.6130005998626664,0.0,0.0,0.6135643211129889,2
0.003852765,0.299606859446056,0.4976620236571873,0.4976620236571873,0.4976620236571873,0.5573663234352249,0.5573663234352249,0.5573663234352249,0.5573687832973001,0.6240476058616861,0.6240476058616861,0.623474527595158,0.0,0.0,0.6240860227318994,2
0.00386839,0.2922438294528705,0.4976628736108694,0.4976628736108694,0.4976628736108694,0.5599402780625445,0.5599402780625445,0.5599402780625445,0.5599428422018851,0.629177254175213,0.629177254175213,0.6286328378337653,0.0,0.0,0.6292221773077502,2
0.003884015,0.2928610846575395,0.4976811118799551,0.4976811118799551,0.4976811118799551,0.5597230968027573,0.5597230968027573,0.5597230968027573,0.5597256519735192,0.6287318739546199,0.6287318739546199,0.6282773796562745,0.0,0.0,0.6287762384678668,2
0.00389964,0.3014349042887082,0.4977137525197781,0.4977137525197781,0.4977137525197781,0.5567225265173403,0.5567225265173403,0.5567225265173403,0.5567249597988815,0.6227277428416342,0.6227277428416342,0.6224217319460149,0.0,0.0,0.6227645040801899,2
0.003915265,0.317635801266204,0.4977618219540187,0.4977618219540187,0.4977618219540187,0.5510544754380116,0.5510544754380116,0.5510544754380116,0.5510566786133365,0.6113964398028013,0.6113964398028013,0.6112910055859223,0.0,0.0,0.611418846545043,2
0.00393089,0.3408411842047498,0.4978211963888137,0.4978211963888137,0.4978211963888137,0.5429361665374737,0.5429361665374737,0.5429361665374737,0.542938040212856,0.5951725706296035,0.5951725706296035,0.5953128653793249,0.0,0.0,0.5951744220410271,2
0.003946515,0.3701592832517458,0.4978918663420413,0.4978918663420413,0.4978918663420413,0.5326801776325827,0.5326801776325827,0.5326801776325827,0.5326816350964366,0.574680464965522,0.574680464965522,0.5751014255282672,0.0,0.0,0.5746563513926186,2
0.00396214,0.4044634203025954,0.4979688480308666,0.4979688480308666,0.4979688480308666,0.5206800458121587,0.5206800458121587,0.5206800458121587,0.5206810163279577,0.5507067611179715,0.5507067611179715,0.5514333159373507,0.0,0.0,0.5506522694720071,2
0.003977765,0.4424353066084158,0.4980514468047827,0.4980514468047827,0.4980514468047827,0.507397522933836,0.507397522933836,0.507397522933836,0.507397954497971,0.5241736226403245,0.5241736226403245,0.5252181736615957,0.0,0.0,0.5240855085028966,2
0.00399339,0.482615703873354,0.4981342289896813,0.4981342289896813,0.4981342289896813,0.4933424563257176,0.4933424563257176,0.4933424563257176,0.4933423176263375,0.4960998291152633,0.4960998291152633,0.497463345864887,0.0,0.0,0.4959761388993769,2
0.004009015,0.5234605019639462,0.4982162685035605,0.4982162685035605,0.4982162685035605,0.4790555656022501,0.4790555656022501,0.4790555656022501,0.479054847262325,0.4675651205909153,0.4675651205909153,0.4692355215653795,0.0,0.0,0.4674052691437155,2
0.00402464,0.5634000581955945,0.4982921616810545,0.4982921616810545,0.4982921616810545,0.4650852976178133,0.4650852976178133,0.4650852976178133,0.4650840125155839,0.4396651833951557,0.4396651833951557,0.4416193924772282,0.0,0.0,0.4394699739500389,2
0.004040265,0.6008995178206794,0.4983612386692058,0.4983612386692058,0.4983612386692058,0.4519691109914211,0.4519691109914211,0.4519691109914211,0.4519672938055394,0.4134730889666672,0.4134730889666672,0.4156763192131409,0.0,0.0,0.4132446848179774,2
0.00405589,0.6345177976357479,0.4984186024517836,0.4984186024517836,0.4984186024517836,0.4402104653062795,0.4402104653062795,0.4402104653062795,0.4402081711429415,0.3899944855723359,0.3899944855723359,0.3924031900615544,0.0,0.0,0.389736324391068,2
0.004071515,0.6629629660008557,0.4984642867487121,0.4984642867487121,0.4984642867487121,0.4302618255473198,0.4302618255473198,0.4302618255473198,0.4302591278628954,0.3701325481121741,0.3701325481121741,0.3726944683249887,0.0,0.0,0.3698492123960328,2
0.00408714,0.685141891047966,0.4984943020079169,0.4984943020079169,0.4984943020079169,0.4225049264758794,0.4225049264758794,0.4225049264758794,0.4225019142135497,0.3546496475044417,0.3546496475044417,0.3573074578994221,0.0,0.0,0.3543466859094729,2
0.004102765,0.700202249125603,0.498509724446861,0.498509724446861,0.498509724446861,0.4172384459722874,0.4172384459722874,0.4172384459722874,0.4172352201846306,0.3441417013689657,0.3441417013689657,0.3468335647444877,0.0,0.0,0.3438254180510495,2
0.00411839,0.7075652791187884,0.4985077359452465,0.4985077359452465,0.4985077359452465,0.4146641882687109,0.4146641882687109,0.4146641882687109,0.4146608581935372,0.3390115987611735,0.3390115987611735,0.3416752016783773,0.0,0.0,0.3386888085297745,2
0.004134015,0.7069480239141194,0.4984906341269606,0.4984906341269606,0.4984906341269606,0.4148816630204123,0.4148816630204123,0.4148816630204123,0.4148783419237383,0.3394574184314542,0.3394574184314542,0.3420306952910655,0.0,0.0,0.3391351874494986,2
0.00414964,0.6983742042829505,0.4984568592353833,0.4984568592353833,0.4984568592353833,0.4178819313568253,0.4178819313568253,0.4178819313568253,0.4178787321390496,0.3454610888752352,0.3454610888752352,0.3478862893103035,0.0,0.0,0.345146460513095,2
0.004165265,0.6821733073054546,0.4984099219583289,0.4984099219583289,0.4984099219583289,0.42355027480287,0.42355027480287,0.42355027480287,0.4235473057013032,0.356792837803953,0.356792837803953,0.3590170519803319,0.0,0.0,0.356492564572145,2
0.00418089,0.6589679243669087,0.4983494175627836,0.4983494175627836,0.4983494175627836,0.4316682828804034,0.4316682828804034,0.4316682828804034,0.4316656432683837,0.373016239807505,0.373016239807505,0.374995137615429,0.0,0.0,0.3727365212477219,2
0.004196515,0.6296498253199123,0.4982798754783579,0.4982798754783579,0.4982798754783579,0.4419245630282298,0.4419245630282298,0.4419245630282298,0.4419223396378051,0.3935087979288941,0.3935087979288941,0.3952066146687671,0.0,0.0,0.393255044991334,2
0.00421214,0.595345688269063,0.4982017681145017,0.4982017681145017,0.4982017681145017,0.4539243951501338,0.4539243951501338,0.4539243951501338,0.4539226586972941,0.4174820279776619,0.4174820279776619,0.4188746687897353,0.0,0.0,0.4172586524504937,2
0.004227765,0.5573738019632423,0.4981202929263459,0.4981202929263459,0.4981202929263459,0.4672072081489242,0.4672072081489242,0.4672072081489242,0.4672060106578907,0.4440156256093961,0.4440156256093961,0.4450898491776479,0.0,0.0,0.4438258732155939,2
0.00424339,0.517193404698304,0.4980363893467348,0.4980363893467348,0.4980363893467348,0.4812619761816632,0.4812619761816632,0.4812619761816632,0.4812613489435984,0.4720889385760055,0.4720889385760055,0.472844620588344,0.0,0.0,0.4719347615938582,2
0.004259015,0.4763486066077135,0.4979554691410315,0.4979554691410315,0.4979554691410315,0.4955491559046053,0.4955491559046053,0.4955491559046053,0.4955491083173047,0.5006241130833373,0.5006241130833373,0.5010724839279758,0.0,0.0,0.5005060979786029,2
0.00427464,0.4364090503760639,0.4978784588436338,0.4978784588436338,0.4978784588436338,0.509519126435265,0.509519126435265,0.509519126435265,0.5095196455996446,0.5285235628273618,0.5285235628273618,0.5286885556955999,0.0,0.0,0.5284409050495142,2
0.004290265,0.3989095907509791,0.4978104968916392,0.4978104968916392,0.4978104968916392,0.5226356009416078,0.5226356009416078,0.5226356009416078,0.522636652199938,0.5547161302025589,0.5547161302025589,0.5546316689462946,0.0,0.0,0.5546666677786043,2
0.00430589,0.3652913109359105,0.4977520202583414,0.4977520202583414,0.4977520202583414,0.53439395029334,0.53439395029334,0.53439395029334,0.5343954785184223,0.5781942391162579,0.5781942391162579,0.5779047398246717,0.0,0.0,0.578174533049562,2
0.004321515,0.3368461425708028,0.4977074467312281,0.4977074467312281,0.4977074467312281,0.5443428768142907,0.5443428768142907,0.5443428768142907,0.5443448085708388,0.5980566566243904,0.5980566566243904,0.5976135025132604,0.0,0.0,0.5980621257472125,2
0.00433714,0.3146672175236925,0.4976763228847596,0.4976763228847596,0.4976763228847596,0.5520994806709952,0.5520994806709952,0.5520994806709952,0.5521017269946623,0.613539055583388,0.613539055583388,0.6130004536935293,0.0,0.0,0.6135641499054112,2
0.004352765,0.299606859446056,0.497662006955073,0.497662006955073,0.497662006955073,0.5573662468199784,0.5573662468199784,0.5573662468199784,0.5573687066794348,0.6240474890078638,0.6240474890078638,0.623474388784692,0.0,0.0,0.6240859057119266,2
0.00436839,0.2922438294528705,0.4976628911270406,0.4976628911270406,0.4976628911270406,0.5599402104259362,0.5599402104259362,0.5599402104259362,0.5599427745620396,0.6291770826574797,0.6291770826574797,0.6286326916142364,0.0,0.0,0.6292220055908022,2
0.004384015,0.2928610846575393,0.497681095199916,0.497681095199916,0.497681095199916,0.5597230202046788,0.5597230202046788,0.5597230202046788,0.5597255753728297,0.6287317576602488,0.6287317576602488,0.6282772409416338,0.0,0.0,0.6287761220078278,2
0.00439964,0.301434904288708,0.4977137700135223,0.4977137700135223,0.4977137700135223,0.5567224588863131,0.5567224588863131,0.5567224588863131,0.5567248921646096,0.6227275708046628,0.6227275708046628,0.6224215856749603,0.0,0.0,0.6227643318436429,2
0.004415265,0.3176358012662039,0.4977618052964945,0.4977618052964945,0.4977618052964945,0.5510543988572473,0.5510543988572473,0.5510543988572473,0.5510566020299694,0.611396324078646,0.611396324078646,0.611290866968666,0.0,0.0,0.6114187306555994,2
0.00443089,0.3408411842047508,0.4978212138596976,0.4978212138596976,0.4978212138596976,0.5429360989117156,0.5429360989117156,0.5429360989117156,0.5429379725838466,0.5951723980623186,0.5951723980623186,0.5953127190549806,0.0,0.0,0.595174249273785,2
0.004446515,0.3701592832517469,0.4978918497074653,0.4978918497074653,0.4978918497074653,0.5326801010690457,0.5326801010690457,0.5326801010690457,0.5326815585303047,0.5746803498218156,0.5746803498218156,0.5751012870092455,0.0,0.0,0.5746562360841712,2
0.00446214,0.4044634203025965,0.4979688654784584,0.4979688654784584,0.4979688654784584,0.5206799781916237,0.5206799781916237,0.5206799781916237,0.5206809487041641,0.5507065880096573,0.5507065880096573,0.5514331695584531,0.0,0.0,0.5506520961633015,2
0.004477765,0.4424353066084173,0.4980514301935814,0.4980514301935814,0.4980514301935814,0.5073974463878707,0.5073974463878707,0.5073974463878707,0.5073978779494188,0.5241735080886553,0.5241735080886553,0.5252180352428345,0.0,0.0,0.5240853937869161,2
0.00449339,0.4826157038733557,0.4981342464135583,0.4981342464135583,0.4981342464135583,0.4933423887103937,0.4933423887103937,0.4933423887103937,0.4933422500077477,0.4960996554549466,0.4960996554549466,0.4974631994301218,0.0,0.0,0.495975965038294,2
0.004509015,0.5234605019639461,0.4982162519161544,0.4982162519161544,0.4982162519161544,0.4790554890739018,0.4790554890739018,0.4790554890739018,0.4790547707313985,0.467565006642307,0.467565006642307,0.4692353832481632,0.0,0.0,0.4674051550312889,2
0.00452464,0.5634000581955944,0.4982921790807975,0.4982921790807975,0.4982921790807975,0.4650852300075227,0.4650852300075227,0.4650852300075227,0.4650839449020197,0.4396650091714501,0.4396650091714501,0.4416192459850389,0.0,0.0,0.4394697995251197,2
0.004540265,0.6008995178206792,0.4983612221060096,0.4983612221060096,0.4983612221060096,0.4519690344807677,0.4519690344807677,0.4519690344807677,0.4519672172923163,0.4134729756325043,0.4134729756325043,0.4156761809989316,0.0,0.0,0.4132445713204718,2
0.00455589,0.6345177976357478,0.4984186198269831,0.4984186198269831,0.4984186198269831,0.4402103977008447,0.4402103977008447,0.4402103977008447,0.4402081035342255,0.3899943107735453,0.3899943107735453,0.3924030435102671,0.0,0.0,0.3897361493906356,2
0.004571515,0.6629629660008557,0.4984642702101336,0.4984642702101336,0.4984642702101336,0.4302617490543727,0.4302617490543727,0.4302617490543727,0.4302590513673874,0.3701324354039033,0.3701324354039033,0.3726943302151211,0.0,0.0,0.3698490995249048,2
0.00458714,0.685141891047966,0.498494319358167,0.498494319358167,0.498494319358167,0.4225048588752229,0.4225048588752229,0.4225048588752229,0.422501846609604,0.3546494721189046,0.3546494721189046,0.3573073112875754,0.0,0.0,0.3543465103218275,2
0.004602765,0.700202249125603,0.498509707933302,0.498509707933302,0.498509707933302,0.41723836949729,0.41723836949729,0.41723836949729,0.4172351437070812,0.3441415892987075,0.3441415892987075,0.3468334267407768,0.0,0.0,0.3438253058184428,2
0.00461839,0.7075652791187884,0.498507753270148,0.498507753270148,0.498507753270148,0.4146641206727554,0.4146641206727554,0.4146641206727554,0.4146607905942846,0.3390114227769223,0.3390114227769223,0.341675055004411,0.0,0.0,0.33868863234299,2
0.004634015,0.7069480239141194,0.4984906176388186,0.4984906176388186,0.4984906176388186,0.4148815865634082,0.4148815865634082,0.4148815865634082,0.4148782654641912,0.3394573070111254,0.3394573070111254,0.3420305573949298,0.0,0.0,0.339135075867388,2
0.00464964,0.6983742042829505,0.4984568765345432,0.4984568765345432,0.4984568765345432,0.4178818637654611,0.4178818637654611,0.4178818637654611,0.41787866454438,0.3454609122801234,0.3454609122801234,0.3478861425726631,0.0,0.0,0.3451462837149486,2
0.004665265,0.6821733073054546,0.4984099054959929,0.4984099054959929,0.4984099054959929,0.4235501983640023,0.4235501983640023,0.4235501983640023,0.4235472292599015,0.3567927270460434,0.3567927270460434,0.3590169141935632,0.0,0.0,0.3564924536529364,2
0.00468089,0.6589679243669087,0.4983494348358133,0.4983494348358133,0.4983494348358133,0.4316682152935869,0.4316682152935869,0.4316682152935869,0.4316655756782535,0.3730160625891786,0.3730160625891786,0.3749949908125596,0.0,0.0,0.3727363438258879,2
0.004696515,0.6296498253199123,0.4982798590422144,0.4982798590422144,0.4982798590422144,0.4419244866076409,0.4419244866076409,0.4419244866076409,0.4419222632146918,0.3935086878459695,0.3935086878459695,0.3952064769930304,0.0,0.0,0.393254934747672,2
0.00471214,0.5953456882690631,0.4982017853610188,0.4982017853610188,0.4982017853610188,0.4539243275677562,0.4539243275677562,0.4539243275677562,0.4539225911115941,0.4174818501234102,0.4174818501234102,0.4188745219199321,0.0,0.0,0.4172584743922747,2
0.004727765,0.5573738019632423,0.4981202765167731,0.4981202765167731,0.4981202765167731,0.4672071317466241,0.4672071317466241,0.4672071317466241,0.4672059342530756,0.444015516214098,0.444015516214098,0.4450897116144807,0.0,0.0,0.4438257636600984,2
0.00474339,0.5171934046983042,0.4980364065663649,0.4980364065663649,0.4980364065663649,0.4812619086035488,0.4812619086035488,0.4812619086035488,0.4812612813621529,0.4720887600728438,0.4720887600728438,0.4728444736498315,0.0,0.0,0.4719345828861784,2
0.004759015,0.4763486066077135,0.497955452758402,0.497955452758402,0.497955452758402,0.4955490795207687,0.4955490795207687,0.4955490795207687,0.4955490319309631,0.5006240043889255,0.5006240043889255,0.5010723464793114,0.0,0.0,0.5005059891244727,2
0.00477464,0.4364090503760639,0.4978784760360049,0.4978784760360049,0.4978784760360049,0.5095190588614381,0.5095190588614381,0.5095190588614381,0.5095195780224776,0.5285233836622829,0.5285233836622829,0.5286884086868024,0.0,0.0,0.5284407256794483,2
0.004790265,0.3989095907509791,0.4978104805363212,0.4978104805363212,0.4978104805363212,0.5226355245762773,0.5226355245762773,0.5226355245762773,0.5226365758321123,0.5547160222220385,0.5547160222220385,0.5546315316136133,0.0,0.0,0.5546665596390239,2
0.00480589,0.3652913109359106,0.4977520374230906,0.4977520374230906,0.4977520374230906,0.5343938827235264,0.5343938827235264,0.5343938827235264,0.5343954109452594,0.578194059275534,0.578194059275534,0.577904592743504,0.0,0.0,0.5781743530033336,2
0.004821515,0.3368461425708028,0.497707430403584,0.497707430403584,0.497707430403584,0.5443428004675074,0.5443428004675074,0.5443428004675074,0.5443447322215704,0.5980565493712673,0.5980565493712673,0.5976133652983104,0.0,0.0,0.5980620183356231,2
0.00483714,0.3146672175236925,0.4976763400215258,0.4976763400215258,0.4976763400215258,0.5520994131051865,0.5520994131051865,0.5520994131051865,0.552101659425495,0.6135388750535012,0.6135388750535012,0.613000306538335,0.0,0.0,0.6135639691695169,2
0.004852765,0.299606859446056,0.4976619906554584,0.4976619906554584,0.4976619906554584,0.5573661704919498,0.5573661704919498,0.5573661704919498,0.5573686303489316,0.6240473824961956,0.6240473824961956,0.6234742516895484,0.0,0.0,0.624085799042361,2
0.00486839,0.2922438294528705,0.4976629082354713,0.4976629082354713,0.4976629082354713,0.5599401428641574,0.5599401428641574,0.5599401428641574,0.5599427069968929,0.6291769014247254,0.6291769014247254,0.6286325443834028,0.0,0.0,0.6292218241515402,2
0.004884015,0.2928610846575393,0.4976810789286836,0.4976810789286836,0.4976810789286836,0.5597229438954797,0.5597229438954797,0.5597229438954797,0.5597254990611664,0.6287316519040829,0.6287316519040829,0.628277103968143,0.0,0.0,0.6287760160943197,2
0.00489964,0.301434904288708,0.4977137870932684,0.4977137870932684,0.4977137870932684,0.5567223913283572,0.5567223913283572,0.5567223913283572,0.5567248246032763,0.6227273888546867,0.6227273888546867,0.6224214383664567,0.0,0.0,0.6227641496865783,2
0.004915265,0.3176358012662039,0.497761789053988,0.497761789053988,0.497761789053988,0.5510543225670175,0.5510543225670175,0.5510543225670175,0.551056525737286,0.6113962190923129,0.6113962190923129,0.6112907301187142,0.0,0.0,0.6114186255125869,2
0.00493089,0.3408411842047507,0.4978212309104153,0.4978212309104153,0.4978212309104153,0.5429360313576418,0.5429360313576418,0.5429360313576418,0.5429379050263854,0.5951722153809108,0.5951722153809108,0.5953125716671485,0.0,0.0,0.595174066384742,2
0.004946515,0.3701592832517469,0.4978918334940245,0.4978918334940245,0.4978918334940245,0.5326800247978926,0.5326800247978926,0.5326800247978926,0.5326814822567089,0.5746802456200315,0.5746802456200315,0.5751011502848788,0.0,0.0,0.5746561317263017,2
0.00496214,0.4044634203025965,0.4979688824998107,0.4979688824998107,0.4979688824998107,0.5206799106412587,0.5206799106412587,0.5206799106412587,0.5206808811504017,0.5507064045819939,0.5507064045819939,0.5514330220892651,0.0,0.0,0.550651912527359,2
0.004977765,0.4424353066084187,0.498051414009542,0.498051414009542,0.498051414009542,0.5073973701358343,0.5073973701358343,0.5073973701358343,0.5073978016949507,0.5241734046861876,0.5241734046861876,0.5252178986459055,0.0,0.0,0.5240852902289863,2
0.00499339,0.4826157038733569,0.4981342634052135,0.4981342634052135,0.4981342634052135,0.4933423211636313,0.4933423211636313,0.4933423211636313,0.4933421824575775,0.4960994712658877,0.4960994712658877,0.4974630518774779,0.0,0.0,0.4959757806403799,2
0.005,0.4999045542858289,0.4981692025278188,0.4981692025278188,0.4981692025278188,0.4872948618402676,0.4872948618402676,0.4872948618402676,0.4872944777821017,0.4840212664484896,0.4840212664484896,0.4855144091077234,0.0,0.0,0.4838822693674139,2
